1
1
1
1
1
0.993464
0.993333
1
1
1
1
1
1
1
1
1
0.990566
1
1
1
0.991525
1
1
1
1
1
1
1
1
1
1
1
1
1
1
1
1
1
1
1
1
1
1
1
1
1
1
1
1
0.985714
0.992908
0.992958
0.992593
0.992806
1
0.992754
0.938144
0.992248
0.98374
1
1
0.975806
0.955556
1
0.984496
0.992593
0.976
0.976378
0.975806
1
1
1
1
1
1
1
1
1
1
1
1
1
1
0.991228
1
1
1
1
1
1
1
1
1
1
1
1
1
1
1
1
1
1
1
1
1
1
1
1
1
1
1
1
1
1
1
1
1
1
1
1
1
1
1
1
1
1
1
0.991379
1
1
1
1
1
1
1
1
1
1
1
1
1
1
1
1
1
1
1
1
1
1
1
1
1
1
1
0.977273
1
1
0.93913
1
1
1
1
1
1
1
1
1
1
1
0.991304
1
1
1
1
1
1
1
1
1
1
1
1
1
1
1
1
1
1
1
1
1
1
1
1
1
1
1
1
0.992908
0.993151
0.992857
0.992754
0.992647
1
0.933333
0.992647
0.947368
0.992063
0.967742
1
1
0.991935
0.964789
0.993464
1
0.984496
0.992593
0.967213
0.984375
0.97619
1
0.991071
1
1
1
1
1
1
1
1
1
1
1
1
1
1
1
1
1
1
1
1
1
1
1
1
1
1
0.990476
1
1
1
1
1
1
1
0.991071
1
1
1
1
1
1
1
1
1
1
1
1
1
1
0.991453
1
1
1
1
1
1
1
1
1
1
1
1
1
1
1
1
1
1
1
1
1
1
1
1
1
1
1
1
1
1
1
1
1
0.985075
1
1
0.931035
1
1
1
1
1
1
1
1
1
1
1
0.991453
1
1
1
1
1
1
1
1
1
1
1
1
1
1
1
1
1
1
1
1
1
1
1
1
1
1
1
1
0.992908
0.993197
0.992908
0.992806
0.992701
1
0.957143
0.985507
0.9375
0.992248
0.97561
1
1
0.992754
0.964789
0.966667
1
0.984496
0.992647
0.967213
0.984375
0.976
1
1
1
1
1
1
1
1
1
1
1
1
1
1
1
1
1
1
1
1
1
1
1
1
1
1
1
1
1
0.99115
1
1
1
1
1
1
0.991228
1
1
1
1
1
1
1
1
1
1
1
1
1
1
1
1
1
1
1
1
1
1
1
1
1
1
1
1
1
1
1
1
1
1
1
1
1
1
1
1
1
0.988235
1
1
1
1
0.991228
0.984496
1
1
1
1
1
0.97561
1
1
1
1
1
1
1
1
1
0.993378
1
1
1
1
1
1
1
1
1
1
1
1
1
1
0.96124
1
0.993056
1
1
1
0.979592
1
0.990566
1
1
1
1
1
1
1
1
0.993464
1
0.993378
1
1
1
1
1
1
1
1
0.991803
0.978723
1
1
1
1
1
1
1
1
0.993548
1
0.885965
0.960938
1
0.97973
1
1
1
1
1
1
1
1
1
1
0.991803
1
1
1
1
1
1
1
1
1
1
0.972603
1
0.964029
0.975309
1
1
1
1
1
1
1
1
1
1
1
1
1
0.99187
1
0.99187
1
1
1
1
1
1
1
1
0.963768
1
0.993711
0.993711
1
1
1
1
1
1
1
1
1
1
1
1
1
1
1
1
1
1
1
1
1
1
1
1
1
1
1
1
1
1
1
1
1
1
1
1
1
1
1
1
1
0.992537
1
1
1
1
1
1
1
1
1
1
1
1
1
1
1
1
1
1
1
1
1
1
1
1
1
1
1
1
1
1
1
1
1
1
1
1
1
1
1
1
1
1
1
1
1
1
1
1
1
1
1
1
1
1
1
1
1
1
1
1
1
1
1
1
1
1
1
1
1
1
1
1
1
1
1
1
1
1
1
1
1
1
1
1
1
1
1
1
1
1
1
1
1
1
1
1
1
1
1
1
1
1
1
1
1
1
1
1
1
1
1
1
1
1
1
1
1
1
1
1
1
1
1
1
1
1
1
1
0.991228
1
1
1
1
1
1
1
1
1
1
1
1
1
1
1
1
1
1
1
1
1
1
1
1
1
1
1
1
1
1
1
1
1
1
1
1
1
1
1
1
1
1
1
1
1
1
1
1
1
1
1
1
1
1
1
1
1
1
1
1
1
1
1
1
1
1
1
1
1
1
1
1
1
1
1
1
1
1
1
1
1
0.25
0.277228
0.385965
0.289474
0.318841
0.207207
0.267717
0.267606
0.338028
0.394366
0.342857
0.347826
0.391892
0.276423
0.375
0.328
0.458333
0.375
0.414286
0.266667
0.446154
0.442857
0.385714
0.278261
0.496
0.452381
0.362903
0.46875
0.492537
0.402985
0.492308
0.25641
0.451613
0.241071
0.234375
0.265625
0.421875
0.427419
0.427419
0.487805
0.52381
0.492308
0.548387
0.483871
0.484375
0.413333
0.564516
0.373494
0.215517
0.299213
0.222222
0.228346
0.292683
0.459016
0.521008
0.508475
0.560606
0.566667
0.587302
0.278261
0.525424
0.555556
0.404762
0.568965
0.122807
0.307087
0.28
0.195312
0.235772
0.411765
0.403361
0.355932
0.557377
0.495798
0.491803
0.5
0.566667
0.566667
0.321739
0.576271
0.367521
0.606557
0.477273
0.153153
0.309524
0.307087
0.230159
0.238095
0.275
0.382609
0.394737
0.478261
0.65
0.6875
0.644068
0.672131
0.394737
0.65
0.694915
0.21875
0.242188
0.271318
0.275591
0.276423
0.256198
0.307692
0.362832
0.466102
0.37069
0.68254
0.655738
0.211009
0.283465
0.285714
0.203125
0.265625
0.292683
0.295082
0.321739
0.382609
0.368421
0.513274
0.633333
0.230769
0.286822
0.259843
0.364341
0.289062
0.314516
0.293103
0.405172
0.40708
0.412281
0.236842
0.3125
0.344
0.269841
0.40625
0.491935
0.330645
0.307692
0.435897
0.278261
0.504425
0.192982
0.229008
0.328244
0.220472
0.343511
0.351562
0.384
0.353448
0.245763
0.474138
0.421053
0.5
0.259259
0.382812
0.356061
0.269231
0.372093
0.379845
0.360656
0.369748
0.432203
0.439655
0.548673
0.207407
0.25
0.447761
0.257812
0.367188
0.395161
0.304
0.302521
0.461538
0.434783
0.4
0.25
0.268116
0.203008
0.18254
0.209302
0.374046
0.277311
0.241667
0.237288
0.375
0.36036
0.424779
0.251799
0.233577
0.205882
0.164062
0.268293
0.408
0.272727
0.303571
0.310345
0.242857
0.217391
0.211679
0.129771
0.238462
0.253968
0.225
0.316239
0.475
0.253521
0.30137
0.228571
0.19708
0.195489
0.137405
0.149606
0.258621
0.412281
0.4375
0.457143
0.201439
0.173913
0.149606
0.226562
0.211864
0.278261
0.177305
0.188406
0.107692
0.176923
0.245763
0.25641
0.384058
0.195652
0.120301
0.416058
0.278571
0.201681
0.106061
0.0984849
0.206612
0.106061
0.0992366
0.195312
0.174603
0.227642
0.103175
0.473684
0.130952
0.142857
0.142857
0.25
0.5
0.214286
0.189655
0.125984
0.178947
0.153846
0.178082
0.164384
0.135135
0.157303
0.173913
0.272059
0.138298
0.189189
0.423077
0.275
0.173333
0.183099
0.121212
0.183099
0.191781
0.210526
0.217391
0.2
0.222222
0.138889
0.147059
0.15
0.205882
0.217391
0.169811
0.171053
0.208955
0.172414
0.205128
0.157895
0.202703
0.197368
0.214286
0.180556
0.175676
0.279412
0.220588
0.188406
0.202703
0.21875
0.212121
0.253731
0.205882
0.194175
0.188406
0.246154
0.183333
0.205128
0.21875
0.211679
0.25
0.263158
0.175676
0.161765
0.208333
0.191781
0.287879
0.208955
0.191176
0.194444
0.206349
0.246154
0.230769
0.268657
0.201754
0.234375
0.253968
0.25
0.189474
0.238095
0.274194
0.257576
0.173228
0.172932
0.102362
0.146154
0.191781
0.330709
0.217391
0.208333
0.246154
0.257576
0.268657
0.25
0.285714
0.265625
0.261538
0.253968
0.274194
0.290323
0.3125
0.25
0.274194
0.306452
0.238095
0.290323
0.269841
0.15748
0.153285
0.24
0.253731
0.269841
0.292308
0.276923
0.274194
0.306452
0.28125
0.278689
0.322581
0.359375
0.241935
0.290323
0.278689
0.278689
0.285714
0.290323
0.262295
0.301587
0.258065
0.19403
0.23622
0.261538
0.262295
0.285714
0.322581
0.333333
0.285714
0.344262
0.311475
0.322581
0.295082
0.316667
0.327869
0.240964
0.274194
0.327869
0.333333
0.290323
0.316667
0.112782
0.251908
0.31746
0.464912
0.311475
0.306452
0.3
0.327869
0.311475
0.288136
0.35
0.316667
0.232558
0.391304
0.333333
0.311475
0.31746
0.404762
0.235294
0.261905
0.25
0.268519
0.261905
0.301887
0.273585
0.271605
0.282828
0.232558
0.418182
0.235294
0.568807
0.253012
0.292453
0.259259
0.247059
0.4
0.247525
0.314815
0.267442
0.504587
0.214286
0.486239
0.231707
0.31068
0.252427
0.25
0.495238
0.282051
0.396226
0.280488
0.25
0.23301
0.258929
0.174312
0.296296
0.383178
0.2
0.420561
0.243902
0.411215
0.25641
0.231707
0.504762
0.266667
0.278846
0.309859
0.227723
0.309859
0.280488
0.231481
0.453704
0.263636
0.3
0.25
0.23301
0.282051
0.230769
0.540541
0.417476
0.333333
0.330097
0.417476
0.314286
0.323529
0.352113
0.232323
0.328358
0.27381
0.188034
0.262712
0.303571
0.285714
0.363636
0.266055
0.180952
0.211538
0.262136
0.254902
0.305556
0.417476
0.26087
0.316832
0.323529
0.405941
0.348485
0.333333
0.323232
0.4
0.3125
0.260504
0.297521
0.365217
0.256637
0.409091
0.254545
0.261682
0.28972
0.288462
0.288462
0.316832
0.277228
0.436893
0.333333
0.47
0.343284
0.438776
0.390625
0.423913
0.342466
0.308511
0.421875
0.271605
0.25
0.310924
0.292035
0.275862
0.25
0.238938
0.342342
0.333333
0.327273
0.308411
0.375
0.27451
0.362745
0.285714
0.348485
0.385417
0.430769
0.323232
0.306931
0.40625
0.376344
0.428571
0.24
0.237705
0.369748
0.464912
0.344828
0.263158
0.432432
0.311927
0.477064
0.373832
0.339806
0.317308
0.413462
0.27551
0.239583
0.30303
0.4375
0.48913
0.421875
0.473118
0.219512
0.355372
0.487395
0.367521
0.268908
0.282051
0.347826
0.357143
0.390909
0.40566
0.371429
0.257143
0.264151
0.326923
0.372549
0.441176
0.414141
0.526316
0.221311
0.218487
0.324561
0.258929
0.262712
0.529915
0.513043
0.3125
0.422018
0.354545
0.275229
0.240741
0.314815
0.45283
0.481132
0.405941
0.473684
0.317308
0.375
0.474227
0.229508
0.239669
0.247934
0.213675
0.215517
0.217391
0.426087
0.336283
0.4
0.354545
0.330189
0.287037
0.427184
0.423077
0.457944
0.54
0.425743
0.5
0.219512
0.225
0.181818
0.196581
0.189655
0.206897
0.289474
0.369369
0.351351
0.306306
0.224299
0.207547
0.339623
0.295238
0.427184
0.41
0.42268
0.227642
0.22314
0.210084
0.186441
0.2
0.205128
0.25641
0.285714
0.27027
0.256881
0.345455
0.495495
0.383178
0.432692
0.442308
0.476636
0.455446
0.2
0.179487
0.181034
0.243478
0.219298
0.207207
0.207207
0.227273
0.231481
0.247788
0.354545
0.46729
0.509434
0.445545
0.155172
0.210526
0.22807
0.216216
0.196429
0.225225
0.209091
0.376238
0.383178
0.514286
0.480769
0.173913
0.201754
0.19469
0.196429
0.198198
0.211009
0.283019
0.456311
0.156522
0.149123
0.150442
0.190909
0.212963
0.122807
0.175439
0.2
0.245283
0.156522
0.178571
0.22807
0.168142
0.292308
0.238095
0.263158
0.263889
0.3
0.238095
0.371429
0.244186
0.247312
0.299065
0.202381
0.439252
0.214286
0.523364
0.253012
0.428571
0.25
0.235294
0.387755
0.220183
0.245902
0.235955
0.369369
0.215909
0.495413
0.190476
0.244186
0.428571
0.253012
0.355769
0.25641
0.268293
0.288462
0.324324
0.254902
0.342466
0.270588
0.219512
0.276786
0.315315
0.218391
0.558559
0.211765
0.371429
0.25
0.415094
0.2625
0.471154
0.297297
0.252427
0.333333
0.235294
0.295775
0.268293
0.214953
0.504505
0.235955
0.254545
0.272727
0.293578
0.232558
0.25
0.216867
0.5
0.2375
0.407767
0.305556
0.417476
0.309859
0.336538
0.388889
0.289855
0.372549
0.309859
0.25
0.294872
0.247423
0.237705
0.230769
0.324561
0.267857
0.216216
0.305556
0.211765
0.259259
0.223529
0.219048
0.265823
0.269231
0.27027
0.262136
0.263889
0.451923
0.314286
0.336634
0.313433
0.42
0.348485
0.328358
0.323232
0.353846
0.3125
0.245763
0.303279
0.367521
0.263158
0.372727
0.247706
0.287037
0.202381
0.299065
0.22619
0.288462
0.307692
0.30137
0.336634
0.314286
0.36
0.338235
0.44
0.338462
0.418367
0.359375
0.384615
0.342466
0.308511
0.365079
0.253012
0.272727
0.319328
0.34188
0.290598
0.292035
0.27193
0.330357
0.306306
0.317757
0.327103
0.398058
0.27451
0.314286
0.352941
0.352941
0.29
0.375
0.395833
0.359375
0.309278
0.28866
0.40625
0.376344
0.365079
0.253968
0.231405
0.35
0.384615
0.513043
0.411215
0.274336
0.588785
0.339286
0.383929
0.398148
0.355769
0.257143
0.333333
0.271429
0.427184
0.323529
0.340206
0.316327
0.369231
0.336735
0.415385
0.47191
0.370968
0.266129
0.308333
0.470588
0.362069
0.313043
0.313043
0.433628
0.418182
0.425926
0.4
0.259615
0.238095
0.320755
0.417476
0.38806
0.466019
0.377551
0.3125
0.505263
0.370968
0.214876
0.220339
0.347826
0.304348
0.273504
0.495726
0.478261
0.339286
0.445455
0.351351
0.268519
0.224299
0.324074
0.462264
0.476636
0.393939
0.431373
0.412371
0.479592
0.396825
0.237705
0.216667
0.211864
0.25641
0.224138
0.283186
0.280702
0.300885
0.385965
0.336364
0.336449
0.284404
0.429907
0.4
0.456311
0.375
0.431373
0.412698
0.460784
0.269841
0.231405
0.218487
0.218487
0.213675
0.205128
0.192982
0.303571
0.429907
0.345455
0.311927
0.268519
0.25
0.345794
0.311321
0.361905
0.40566
0.434343
0.248
0.235294
0.210084
0.198276
0.189655
0.243478
0.294643
0.274336
0.321101
0.435185
0.363636
0.4
0.37037
0.407767
0.386139
0.184874
0.188034
0.189655
0.238938
0.230089
0.252252
0.223214
0.236364
0.233645
0.279279
0.357798
0.471698
0.542857
0.211382
0.168067
0.152542
0.165217
0.221239
0.230089
0.221239
0.212389
0.198198
0.229358
0.28972
0.518868
0.188525
0.161017
0.201681
0.168142
0.168142
0.198198
0.216216
0.201835
0.409524
0.350427
0.288
0.169492
0.156522
0.157895
0.159292
0.18018
0.626087
0.12069
0.12931
0.184211
0.1875
0.140351
0.160714
0.272727
0.20354
0.40566
0.401786
0.27027
0.0737705
0.122951
0.25
0.141509
0.070922
0.115044
0.137615
0.685714
0.155963
0.839623
0.12844
0.116667
0.144068
0.471154
0.819048
0.847619
0.660377
0.148148
0.27451
0.12844
0.321429
0.138889
0.288462
0.179245
0.807692
0.160377
0.711538
0.471698
0.765306
0.4
0.45
0.240385
0.12963
0.192308
0.103774
0.131148
0.229167
0.163636
0.152381
0.190476
0.142857
0.242991
0.122642
0.252336
0.311321
0.309091
0.266667
0.721154
0.407767
0.242718
0.157407
0.158879
0.121495
0.141732
0.151786
0.193548
0.188679
0.185185
0.190476
0.171429
0.188679
0.133333
0.179245
0.113208
0.141509
0.149533
0.140187
0.375
0.43
0.558824
0.605769
0.186916
0.157407
0.140187
0.166667
0.17757
0.190476
0.153846
0.192661
0.209091
0.330189
0.160377
0.226415
0.160377
0.142857
0.142857
0.142857
0.12037
0.141509
0.361905
0.209524
0.257143
0.132075
0.132075
0.140187
0.166667
0.148148
0.165138
0.185185
0.163636
0.165138
0.141667
0.196429
0.2
0.365591
0.333333
0.663158
0.314815
0.169811
0.317757
0.122642
0.169811
0.160377
0.2
0.179245
0.190476
0.207921
0.160377
0.140187
0.148148
0.140187
0.146789
0.138889
0.165138
0.138889
0.165138
0.146789
0.154545
0.207547
0.166667
0.106195
0.383178
0.263636
0.222222
0.240741
0.242991
0.224299
0.184466
0.266667
0.221154
0.321429
0.194175
0.192308
0.190476
0.219048
0.188679
0.130841
0.186916
0.138889
0.137615
0.12963
0.138889
0.146789
0.146789
0.166667
0.12844
0.174312
0.219298
0.227273
0.190909
0.216216
0.17757
0.138889
0.231481
0.169811
0.190476
0.327103
0.509434
0.226415
0.343137
0.330097
0.215686
0.17757
0.180952
0.175926
0.137615
0.158879
0.145455
0.155963
0.136364
0.157407
0.205607
0.196262
0.178571
0.146789
0.3
0.327103
0.140187
0.386792
0.317757
0.245283
0.25
0.330097
0.240385
0.240385
0.235849
0.281553
0.185185
0.2
0.155963
0.168224
0.17757
0.163636
0.157407
0.137615
0.137615
0.155963
0.148148
0.388889
0.17757
0.183486
0.158879
0.145455
0.186916
0.278846
0.221154
0.361905
0.278846
0.336634
0.198113
0.317308
0.196262
0.314286
0.185185
0.160377
0.194444
0.196262
0.17757
0.12844
0.174757
0.111111
0.207547
0.160377
0.214953
0.271845
0.285714
0.235849
0.188679
0.216981
0.287037
0.245283
0.247788
0.233645
0.190476
0.333333
0.205607
0.32381
0.134615
0.141509
0.196262
0.169811
0.173077
0.273585
0.299065
0.190476
0.28972
0.149533
0.321101
0.136364
0.196262
0.252336
0.373832
0.351852
0.330189
0.303922
0.186916
0.169811
0.188679
0.441441
0.333333
0.234783
0.372727
0.256881
0.394231
0.231481
0.205607
0.278846
0.12037
0.130841
0.297297
0.254545
0.263636
0.216981
0.319149
0.26087
0.336364
0.327103
0.361111
0.324074
0.0661157
0.130841
0.103774
0.160377
0.0857143
0.114035
0.117117
0.67619
0.146789
0.850467
0.154545
0.106557
0.136752
0.504762
0.504762
0.761905
0.152381
0.675926
0.137615
0.137615
0.157407
0.296296
0.12037
0.300971
0.188679
0.807692
0.169811
0.726415
0.466667
0.785714
0.419048
0.51
0.230769
0.148148
0.271845
0.152381
0.137931
0.138889
0.154545
0.161905
0.161905
0.152381
0.247706
0.12381
0.252336
0.314286
0.266055
0.27619
0.75
0.436893
0.25
0.157407
0.149533
0.166667
0.104839
0.162162
0.186992
0.179245
0.185185
0.179245
0.188679
0.169811
0.150943
0.169811
0.121495
0.132075
0.168224
0.138889
0.384615
0.421569
0.543689
0.625
0.180952
0.166667
0.165138
0.155963
0.160377
0.146341
0.198347
0.209091
0.169811
0.458716
0.179245
0.160377
0.152381
0.169811
0.122642
0.188679
0.148148
0.149533
0.358491
0.198113
0.247619
0.148148
0.166667
0.157407
0.146789
0.157407
0.17757
0.137615
0.163636
0.175926
0.124031
0.145299
0.184211
0.192661
0.330275
0.342342
0.422018
0.330189
0.271845
0.235849
0.179245
0.150943
0.190476
0.161905
0.179245
0.196078
0.17757
0.140187
0.148148
0.138889
0.148148
0.12037
0.148148
0.148148
0.137615
0.172727
0.163636
0.185185
0.140351
0.168142
0.266055
0.396396
0.175926
0.349057
0.212963
0.203704
0.266667
0.161905
0.317308
0.203883
0.188679
0.219048
0.214953
0.198113
0.157407
0.168224
0.12844
0.137615
0.136364
0.146789
0.145455
0.146789
0.163636
0.145455
0.162162
0.173913
0.154545
0.216216
0.218182
0.223214
0.179245
0.231481
0.17757
0.188679
0.175926
0.333333
0.211538
0.216981
0.343137
0.211538
0.221154
0.188679
0.158879
0.148148
0.166667
0.136364
0.154545
0.136364
0.154545
0.145455
0.231481
0.176991
0.223214
0.190909
0.192661
0.137615
0.231481
0.12844
0.149533
0.358491
0.221154
0.222222
0.416667
0.333333
0.281553
0.259259
0.285714
0.372549
0.207547
0.219048
0.146789
0.226415
0.166667
0.136364
0.17757
0.136364
0.181818
0.148148
0.12037
0.446429
0.205607
0.157407
0.0833333
0.166667
0.194444
0.194444
0.295238
0.351852
0.427184
0.264151
0.209524
0.17757
0.266667
0.17757
0.280374
0.145455
0.34
0.194444
0.17757
0.175926
0.2
0.12037
0.355769
0.12844
0.196262
0.17757
0.214953
0.303922
0.288462
0.242991
0.168224
0.198113
0.201835
0.210526
0.242991
0.157407
0.349057
0.345794
0.240385
0.185185
0.207547
0.433962
0.132075
0.211009
0.160377
0.188679
0.194444
0.228571
0.158879
0.207547
0.203704
0.287037
0.345455
0.196262
0.261682
0.196262
0.4
0.52
0.174757
0.311927
0.201923
0.238532
0.169811
0.196262
0.184466
0.308411
0.54717
0.315315
0.174312
0.236364
0.444444
0.220183
0.173077
0.192308
0.198113
0.278846
0.138889
0.158879
0.27027
0.279279
0.302752
0.318182
0.320388
0.168224
0.273585
0.146789
0.323232
0.25
0.357895
0.354545
0.192308
0.145455
0.302752
0.315315
0.0606061
0.149533
0.0614525
0.0657895
0.0691824
0.0985916
0.206186
0.234694
0.257426
0.0710383
0.0564972
0.0666667
0.0700637
0.212963
0.169811
0.252336
0.235294
0.303922
0.172727
0.31068
0.252525
0.0659341
0.0601093
0.0571429
0.132231
0.222222
0.25
0.198113
0.2
0.268519
0.25
0.144231
0.300971
0.252336
0.32381
0.320388
0.326923
0.29703
0.0546448
0.0839161
0.118421
0.235849
0.237624
0.247619
0.231481
0.281553
0.254717
0.311321
0.285714
0.371429
0.330189
0.377358
0.333333
0.222222
0.0659341
0.0561798
0.0915033
0.238532
0.271028
0.285714
0.242991
0.31068
0.245283
0.285714
0.273585
0.320755
0.396226
0.351852
0.385321
0.380952
0.351351
0.193878
0.348624
0.26
0.327273
0.333333
0.0693642
0.259259
0.254545
0.261682
0.304762
0.32381
0.280374
0.313726
0.352381
0.29
0.401961
0.28972
0.333333
0.346154
0.33945
0.392523
0.324324
0.324324
0.279279
0.324324
0.363636
0.297297
0.0632184
0.147287
0.243478
0.298077
0.261682
0.285714
0.242991
0.375
0.273585
0.377358
0.317757
0.339623
0.342593
0.37037
0.386792
0.297297
0.161616
0.254545
0.252252
0.272727
0.201923
0.174757
0.0404624
0.129496
0.285714
0.317308
0.285714
0.278846
0.268519
0.238095
0.278846
0.307692
0.304762
0.291262
0.373832
0.283019
0.299065
0.342857
0.263158
0.268519
0.342342
0.300885
0.277778
0.318182
0.247706
0.186275
0.207547
0.106667
0.236842
0.245455
0.298077
0.294118
0.362745
0.281553
0.300971
0.343137
0.281553
0.301887
0.298077
0.390476
0.25
0.304762
0.290909
0.327103
0.327273
0.280374
0.198347
0.218182
0.25
0.27451
0.22549
0.323529
0.36
0.376238
0.303922
0.43299
0.292453
0.35
0.314286
0.31068
0.333333
0.311321
0.268519
0.284404
0.279279
0.256881
0.288288
0.226415
0.223301
0.191919
0.214286
0.376238
0.316327
0.434343
0.333333
0.306931
0.336538
0.287037
0.333333
0.238532
0.252252
0.209091
0.236364
0.207921
0.217822
0.1875
0.216495
0.343434
0.309278
0.35
0.232323
0.306931
0.301887
0.35
0.346154
0.229358
0.316832
0.209091
0.233645
0.36
0.33
0.29703
0.306931
0.330097
0.278846
0.326923
0.245283
0.349515
0.336735
0.306931
0.313726
0.273585
0.287037
0.261682
0.245283
0.313131
0.254902
0.235849
0.268519
0.226415
0.267327
0.212963
0.0731707
0.148148
0.0614525
0.116788
0.0764331
0.107914
0.195876
0.244898
0.277228
0.0659341
0.0457143
0.0584795
0.0388889
0.196262
0.17757
0.22549
0.284314
0.142857
0.229358
0.255102
0.28972
0.291262
0.0659341
0.0511364
0.2
0.135135
0.235294
0.185185
0.2
0.247525
0.268519
0.252336
0.304762
0.29
0.27
0.333333
0.282828
0.27
0.0659341
0.0549451
0.125926
0.228571
0.235294
0.242718
0.185185
0.259259
0.262136
0.238095
0.298077
0.371429
0.403846
0.373832
0.204082
0.339623
0.298077
0.05
0.0658683
0.0764706
0.268519
0.240385
0.298077
0.252427
0.27
0.27451
0.266667
0.361905
0.298077
0.40566
0.37963
0.394495
0.35514
0.342342
0.23
0.345455
0.27
0.330275
0.35514
0.0804598
0.240741
0.229358
0.300971
0.298077
0.346154
0.308411
0.277228
0.361905
0.316832
0.407767
0.285714
0.352381
0.358491
0.364486
0.15
0.324324
0.161616
0.327273
0.183673
0.315315
0.212121
0.336364
0.0564972
0.0670732
0.186992
0.295238
0.31068
0.295238
0.287037
0.252336
0.311321
0.380952
0.339623
0.333333
0.409524
0.317757
0.373832
0.283186
0.336364
0.266055
0.263636
0.213592
0.0454545
0.0764331
0.147059
0.27619
0.307692
0.278846
0.287037
0.266667
0.298077
0.298077
0.320755
0.307692
0.324074
0.285714
0.304762
0.345794
0.227273
0.288462
0.292035
0.296296
0.318182
0.254545
0.188119
0.216981
0.0657895
0.236842
0.227273
0.281553
0.287129
0.336634
0.294118
0.291262
0.323529
0.298077
0.324074
0.307692
0.380952
0.275229
0.330189
0.290909
0.330189
0.321101
0.28972
0.147059
0.192982
0.266667
0.273585
0.242718
0.36
0.24
0.383838
0.376238
0.303922
0.447917
0.294118
0.474227
0.333333
0.333333
0.317757
0.277778
0.277778
0.3
0.290909
0.288288
0.224299
0.269231
0.223301
0.204082
0.234694
0.415842
0.343434
0.44
0.303922
0.306931
0.336538
0.305556
0.346154
0.238532
0.27027
0.211009
0.236364
0.2
0.282828
0.189474
0.346939
0.39
0.336634
0.272727
0.304762
0.33
0.355769
0.211009
0.316832
0.218182
0.224299
0.346939
0.326531
0.326733
0.316832
0.32
0.352941
0.271845
0.320388
0.235849
0.34
0.29
0.336634
0.287129
0.273585
0.230769
0.264151
0.28972
0.29703
0.281553
0.221154
0.228571
0.22
0.227723
