77.4193
78.8571
81.1765
51.2069
60.5217
61.9737
31.0067
68.5714
84.8276
80.5714
76.25
74.4444
74.7368
72.7273
71.5069
70.1205
68.5714
66.6667
66.1017
61.0256
34.8718
66.3636
68.6441
68.7097
68.7805
67.9339
67.1795
67.563
68.2051
68.7931
68.7179
67.7586
67.6923
67.1795
68.2051
68.2759
68.2051
68.2051
68.6441
68.1356
63.5821
67.563
69.661
68.7179
69.2308
67.7586
68.1356
67.1795
68.0672
70
69.8571
69.3617
68.9552
68.6956
67.6923
69.635
71.8681
69.8438
69.9174
68.2759
64.4118
69.4215
69.7674
64.7619
69.4488
69.8507
70.3279
69.6774
69.4215
68.5714
67.3044
69.5
69.375
69.6183
69.6923
68.2927
68.4211
69.3913
67.2414
69.661
69.661
69.5
69.5798
65.3097
69.1525
69.2308
68.5714
69.5798
69.1525
69.8276
68.2759
69.5798
69.5798
69.0756
69.5798
68.1356
69.3103
66.9643
67.3044
68.2051
69.0756
68.5714
68.6441
68.6441
68.7931
67.2414
68.2759
69.0756
69.5798
68.6441
69.5
68.3478
68.9256
67.8947
67.8947
69
68.6441
68.2051
67.3044
68.8073
67.7586
68.5714
68.2051
69.5
68.1356
66.7826
69.5327
68.8696
69
68.6441
68.1356
69.5
67.8947
69.4737
69.5798
68.0672
69
68.0672
68
69.3103
69.7436
69.5
69
69
69.3103
69.5798
69.5
69.5
69.4215
69.913
69.0756
75.4839
82.2857
84.7059
48.5
64.6512
37.2263
46.187
66.6667
79.2857
81.8182
74.6667
75
74.1818
72.7273
72
70.2273
68.2759
67.0588
61.5789
33.6842
64.5454
68.4956
68.7805
68.64
67.438
67.6923
64.3902
68.2051
68.2759
68.2759
68.2051
68.2051
67.7586
67.6271
68.7931
69.7436
68.7179
68.7179
68.1356
67.6271
63.6641
68.2759
69.661
69.5798
69.661
69.7436
67.6923
63.7795
68.1429
68.6897
69.4964
69.1971
68.4444
67.1795
67.7143
68.4444
70.6667
69.12
70
68.2051
63.2308
69.2683
70.073
69.4737
63
69.4488
69.403
70.678
70
69.7561
68.5714
63.2432
69.6774
69.6
69.2308
69.2308
68.5714
69.1892
64.4444
69.2308
69.7436
69.5798
69.5798
68.6441
69.0909
68.7931
69.7436
69.5798
68.1356
69.1525
69.1525
67.6923
68.2051
69.7436
69.5798
69.1525
69.1525
68.1356
64.6154
65
68.7179
68.7931
69.0756
69.1525
69.1525
68.6441
65.4054
68.7931
68.3478
69.0756
69.1525
69.0756
68.1356
68.4211
68.2759
69.0756
68.6441
69.1525
69
68.3478
69.3578
69.3103
69.0756
69.2308
69.0756
68.5714
68.2759
69.4118
68.0672
69.0756
68.5714
69
67.4336
69.4737
69.5798
69.5
68.0672
68.5
68.5
68.8696
68.7931
69.0756
69
69
69.3913
69.0756
69
69
69.8276
69.8276
68.7179
80
80
81.8182
47
64.5454
39.4161
47.234
67.2222
82
81.8182
73.6842
77.3333
73.6842
72.3529
71.2
69.5455
67.0588
67.1186
62.0339
35.1724
64.4776
68.2927
68.4298
68.64
67.438
67.1186
64.3548
68.1356
68.7179
68.2759
67.6923
67.6923
67.2414
68
68.7179
68.7931
68.7179
68.7179
68.0672
67.1795
63.5821
68.7179
69.5798
68.6441
69.661
68.7179
68.1356
64.6512
68.5714
69.0411
69.4286
69.1304
68.8235
67.6271
71.6418
69.2647
71.3333
69.8438
69.5
69.1525
64
69.1971
69.635
69.5172
64.2857
69.4488
69.7778
70.1695
70
69.8361
68.0357
67.7586
69.5
69.375
69.1603
69.3023
68.2927
68.4211
64.1379
69.661
69.661
69.5
69.0756
69.5
68.3478
67.7586
69.2308
68.6441
68.1356
68.6441
68.6441
67.6923
68.2051
69.661
69.0756
69.5798
69.5798
68.1356
64.2857
64.2857
68.2051
69.7436
69.5
69.5798
69.5798
68.6441
64.2478
68.2759
68.7931
69.0756
68.6441
68.5714
68.1356
66.9027
68.7179
69.5798
68.0672
68.1356
68.2051
67.7586
69.3204
69
68.1356
68.1356
68.5714
66.7241
68.8889
68.7931
68.0672
68.6441
68.6441
68.0672
68.2759
69.0266
69
68.0672
68
68.5714
70.0885
68.2051
68.7931
69.4215
68.5714
68.7179
68.7179
71.3793
48.1818
67.6923
72.1429
67.0866
36.9767
78.75
67.0909
69.5575
69.4488
67.2581
68.7692
68.16
68.2258
68.4956
72.75
82.5
66.3934
68.2443
66.3934
69.6183
69.2308
67.9339
69.1971
67.5
69.6
68.7097
70.8434
78.1395
65.9504
68.5714
68.3212
66.3415
69.1603
66.8852
69.1603
69.5455
67.438
69.3507
67.5
70.6452
68.5
70.4895
69.0756
69.6183
68.8525
77.5
67.8788
69.1429
65.8064
67.7273
66.2903
69.0909
69.8507
67.3171
68.8732
67.438
69.4737
67.5
70
68.4298
69.8571
70
69.6923
69.5455
69.6774
69.6183
69.2683
69.4215
70.4348
65.28
67.2727
66.3158
65.3226
68.1818
66.2903
69.0909
66.8293
68.961
67.377
70.6931
70.2439
67.5
69.931
68
69.4737
69.9248
69.0756
69.6183
68.2051
69.5455
69.6183
69.7436
69.0909
69.4215
69.6183
68.4375
66.3934
64.7244
66.9767
65.7143
67.7273
66.24
69.0411
66.8293
69.2958
66.8852
69.8507
70.2532
69.931
69.9363
68
69.9248
68.6441
69.5455
68.2051
69.4737
68.2759
69.5455
69.4737
68.9062
69.1603
69.3443
68.6364
69.3443
69
65.76
65.1562
65.9542
68.1818
65.28
69.3976
68.2443
69.9248
67.0866
69.4937
69.1139
68.3607
69.7778
68.0672
70
68.1356
69.5455
70
69.2308
69.7778
69.7436
69.4737
69.7059
69.8276
70
70.3448
69.8361
69.913
68.1818
70
68.6364
66.0465
64.6875
65.28
67.907
68.5075
65.8537
68.5075
67.438
69.5455
68
69.5455
69.5455
69.6183
70
69.7436
69.8507
69.7436
69.635
69.8276
69.635
70.3448
69.9248
70
69.8507
70.1471
69.403
66.72
64.2188
65.2381
65.7143
65.9016
68.16
69.8438
68.0672
69.5455
68.1356
70
69.9248
69.661
70.2985
69.8276
69.7778
69.8276
70.073
69.635
69.4737
70
70
70
65.1968
65.76
65.8537
67.3171
67.438
67.563
69.5455
68.0672
70.2985
69.5455
70.2985
69.8507
69.8507
70.073
70
70
70.073
70.6195
65.8537
65.9016
66.3934
67.0588
68.7179
69.7436
69.9248
70.2222
69.5575
70.073
69.5575
70
70.2985
65.9016
65.9504
67.563
68.1356
69.3103
70.2222
70.1538
70
67.1795
69.4737
67.4336
67.3684
68.4956
66.2857
65.946
67.2897
66.3717
65.3571
66.9643
66.4286
65.946
66.4865
67.027
66.9903
66.4286
65.8929
66.9027
67.4336
67.4336
67.9646
68.4956
67.0909
66.9027
67.5676
66.9643
68.0357
66.9643
67.7419
66.2609
66.3158
67.3684
67.3684
67.4336
67.4336
67.4336
67.4336
67.5
66.9643
67.5676
67.5676
67.5676
68.0357
68.1818
68.0357
68.0357
65.641
65.2632
66.2609
67.4336
67.3684
67.4336
67.4336
67.4336
68.4956
67.9646
68.0357
67.9646
68.1081
68.1081
68.3333
67.9646
68.972
68.0357
68.5714
65.1724
66.3158
66.8421
67.4336
68.4956
67.5
68.1081
68.0357
68.0357
68.1081
68.5714
67.9646
68.7273
69.1892
69.2727
69.5575
69.7297
69.0266
69.6429
64.1026
67.3684
67.8947
68.0357
67.9646
68.1818
68.1818
68.1818
68.0357
69.2727
69.0266
69.5575
69.1071
69.8182
69.6429
69.9082
69.9082
69.6429
69.0266
68.6486
69.5575
67.9646
66.8421
68.1081
68.1818
68.972
69.9082
69.3578
69.5575
69.6429
69.7297
69.5575
69.6429
69.5327
70
69.2727
69.4737
69.4444
69.0266
68.4956
68.8073
68.1081
68.972
69.6226
70.099
69.1892
69.3578
69.6429
69.6429
69.7297
67.0909
64.9541
69.7143
67.7064
69.3204
69.5575
69.1429
68.6486
67.2897
26.25
47.1429
51.8182
43.6364
51.8182
46.9565
42.3529
50.5263
47.5
51.4286
52.5
52.5
55.8621
45.8824
31.25
35.1219
50.9091
52.5
49.6552
45
49.6552
46.4516
51.1111
50.625
26.129
23.1579
37.3333
50
50.9091
53.3333
50.625
48
49.2857
46.6667
50
47.6471
30
30.566
36.2264
28
50.9091
45
47.6471
50
48.3871
46.4516
49.7143
44.5161
50.4
36.3158
49.2857
45.5172
35
32.1429
26.129
27
45.4054
51.1765
48.6486
48.75
50.3226
48
45.8824
50.9091
60
35.3846
36
48
47.5862
31.8367
37.5
45.7143
51.1765
23.3898
48
25.8621
47.6471
47.6471
40.5405
47.6471
41.8605
45.4054
68.5714
56.4706
36.9231
36.9231
49.6552
48
50.9091
42.2727
45.3333
24
47.6923
47.7273
47.3684
46.8293
30.6667
47.6923
46.8293
45
48.3871
42.8571
49.7143
49.4118
48.3871
48.3333
43.9024
22.9091
37.6744
43.2558
46.5
49.5652
35
38.3333
50.7692
47.6471
48.3333
46.6667
47.027
45
44.2857
30
47.3684
52.5
38.9189
45.4545
31.9149
47.027
44.6154
51.1765
40.8511
32.6087
35.7447
46.6667
27
26.5116
40.5882
28.8462
28.5246
40.9756
46.6667
27.0588
43.125
30.5263
46.3636
44
26.5116
51.4286
33.3333
38.6667
38.75
39.5122
47.5862
27.2727
31.25
22.7586
39.4286
33.0612
26.8085
39.4286
32.5
35.5102
38.1818
28.6364
32.9412
24.7059
26.129
47.1429
44.1176
22
36.3636
30.6383
31.8367
39.4737
38.3333
25.5556
28.8
28.6957
40.5882
47.027
44.4444
52.1739
48.8889
33.0612
40
49.6552
42.8571
32.8571
33
26.25
41.1429
45
47.1429
57.1429
47.2727
35.2941
49.0909
31.7647
43.3333
40.5882
44
45.5172
63.5294
46.4516
50.625
53.3333
34.0541
23.1579
41.6667
36.8182
43.125
44.4444
46.1538
56.6667
60
52
26.8085
29.3878
17.8125
42.8571
42.5
56.8421
47.5862
55.2
45
38.4
43.8462
64.2857
49.5652
49.6552
48
26.0377
44.4444
71.25
26.3158
43.0769
52.5
72.8571
69.2308
55.2
72.8571
69.2308
50.4
57.2727
47.1429
64.6154
120
92.7273
126.667
75
50
132
106.667
103.636
67.5
81.1765
105
101.538
75
72
94.2857
90
38.9189
96.9231
81.4286
103.636
103.636
69.2308
73.8461
60
87.6923
77.1429
71.25
80
85.7143
86.25
84
68
85
81.4286
88
56.6667
87.6923
72.8571
76
52.5
60
72
64
80
73.8461
64.6154
78.9474
80
73.8461
72
40.7143
72.8571
77.6471
81.4286
54
73.8461
75
46.3636
71.25
72.8571
47.5862
37.0588
29.1429
64.6154
70.9091
64
55.7143
78.9474
77.1429
69.2308
68.5714
69.2308
78.75
76
70
52.1739
72
71.25
75
60
68
70.5882
60
46.3636
46.9565
60
44.2105
68.5714
34.2857
68
52
78.75
67.0588
63.3333
71.25
70
70.5882
67.0588
67.5
70.5882
70
72
63.75
67.0588
69.4737
68
70
63.5294
45
48.5714
48
67.0588
70.5882
66.3158
53.3333
70.5882
69.4737
66.6667
70.5882
69
75.6522
68
70
70.5882
67.0588
66.6667
70
67.5
56.8421
71.25
46.1538
44
52.9412
67.5
60
69
68.5714
53.3333
68.5714
69.4737
66
70
69.4737
66
51
67.0588
69
66
60
69.4737
56
45.4545
57
24.9057
63.1579
53.6842
56.6667
63
60
67.0588
65.7143
60
48
32
51.4286
56.8421
51
67.0588
57
54.5455
68.5714
39.3103
60
39.375
45.5172
49.0909
45
57
23.4783
60
16.4516
57.1429
34.8387
57.1429
57.1429
56.25
50.4
37.0588
54.7826
22.9091
56.6667
23.7736
60
46.875
46.1538
57
23.0769
51.8182
27.1429
54.7826
55.2
50
45.5172
41.0526
33.75
26.3415
49.4118
29.3333
63
30
63
66.3158
30.566
66
49.6552
62.7273
54.7826
60
57.3913
50.4
20.8163
49.6552
34.5455
46.1538
50
62.7273
50
19
32.093
65
51.1765
25.1163
62.7273
45.4545
55.2
54.7826
60
54.7826
54.5455
40.6452
38.8235
46.875
36
47.5862
50.5263
57.2727
53.3333
53.0769
65.4545
36.2791
56.6667
48.75
62.7273
29.2683
67.8261
60
37.5
60
52.8
48.3871
41.6667
31.4286
47.5862
32
45
51.4286
50.3226
50
50
45
49.2857
18.6667
60
25.5319
60
26.5116
60
30.7692
52.8
43.4483
57.7778
57.2727
48.3871
34.0541
41.8182
37.5
38.5714
48.8889
41.0526
45.4054
48.3333
49.0909
38.4615
51.4286
48.6486
51.4286
60
32.4324
60
45
29.0323
55.3846
30.8571
60
46
45.5172
30
20.3774
28.5
46
30
44.1176
26.5385
39
44.5714
49.0909
33.4884
46.6667
57.3913
48
57.8571
28
55.5556
28.6364
42.2222
27.907
21.7241
27.907
37.5
43.6364
33
37.5
32.093
37.6744
35.3846
48.8889
47.1429
47.6471
30
28
30.7317
25.2
46.6667
48.4615
32.4324
41.3793
40.6452
20.3226
21.3559
44.5714
31.3043
40
48
48.4615
31.7647
23.75
28.2353
30.7317
32
25.4545
52.5
27.3913
45
45.5172
48
50.4
52.8
55.2
25.7143
39.4737
32.7273
38.4615
36
40.6452
38.1818
25.9091
26.9388
21.1111
30.6977
28.2353
44.4444
48.8889
43.6364
52.1739
54.5455
50
45.4545
36.5854
38.4615
45.8824
50
51.8182
40
42.5806
32.7273
33.6585
26.3415
45
48.8889
48
54.5455
54.7826
50
48
46.875
50
47.1429
41.0526
24
30.7317
30.6667
26.087
22.3529
20.8696
50
54.2857
54.2857
51.4286
55.2
54.7826
57.3913
57.6
55.2
34.2857
33.8462
31.2
24.4444
29.3333
60
55
57.6923
57.5
54.5455
57.6
60
37.8947
38.0488
28.8889
28.8
60
54.7826
57.2727
60
60
57.3913
50
37.0213
63.3333
60
60
60
54.7826
64.2857
69
54.5455
57.6923
66.6667
66
46.1538
66.3158
53.6842
45.6
48
66.3158
38.1818
57
30.7692
51.4286
46.9565
45
60
28.0851
60
17.1429
54.2857
29.3333
54.2857
50
78.9474
52.5
56
62.8571
30.7317
53.6842
23.3333
56.25
60
25.3333
60
37.2973
57
60
38
57.5
53.0769
55.2
57.3913
63.3333
44.5161
30.8571
56.8421
25.1613
60
32.3077
57.1429
30
60
28.1633
60
48.4615
57.5
52.5
60
54.5455
52.1739
20.3571
51.4286
47.1429
55
35.625
54
43.8462
56.6667
27.6
60
32.8571
62.7273
32.093
60
53.1429
21.4286
60
47.3684
57.2727
55.2
57.3913
60
49.6552
48.8889
32.4324
46
47.5
38.1818
56.6667
49.2857
53.6842
52.1739
57.1429
51.4286
60
51.1111
60
37.0213
62.7273
51.1765
60
32.8571
57.3913
60
39.375
60
52.8
49.6552
38.9189
26.5116
46
27.8049
46.6667
48.3871
49.4118
50.625
50.5263
50
48.75
65.4545
45.8824
60
45
60
27.2727
60
23.4146
60
25.7143
50.4
43.4483
57.3913
54.2857
52.7273
33.1579
37.5
37.0588
38.1818
50.3226
37.2973
42.3529
51.1765
48
39.5122
49.2857
60
48.3333
62.5
45.5172
60
31.5789
60
48
32.1429
57.6923
29.1429
57.3913
46.875
49.2857
27.1429
26.6667
23.3898
25.9091
44.5161
19.0476
42.6316
37.6744
40.4651
43.7838
66.6667
48
66.3158
35.4545
60
54.5455
52.2581
62.5
45.4545
62.2222
31.4286
60
47.2727
29.1892
19.2857
30
41.6667
45
31.8367
41.7391
33.913
34.2857
51.1111
48
44.1176
27.907
66.9231
26.25
35.6757
60
25
60
46.1538
50.7692
30
36
43.125
18.6207
20.7273
44.2105
31.8367
40
49.6552
50
34.2857
23.2653
27.0588
66.9231
30
33
28.0851
55.2
45.5172
46.1538
52.8
52
50.7692
39.375
48.75
45.8824
31.3636
43.7838
43.3333
46.4516
26.087
22.8571
29.3617
65
28.6364
60
25.5319
45.8824
47.1429
48.4615
50.7692
52.8
52.5
54.5455
47.6471
28.6957
39.4737
51.1765
51.7241
48.8889
37.2973
41.8182
48.9474
40.4651
27.907
42.5806
53.5714
48
54.7826
54.5455
49.2857
49.0909
46.4516
46.2857
37.0213
31.5
28.5714
40.5
30
29.2308
51.8182
54.5455
51.8182
53.3333
55.3846
55.7143
55.2
53.0769
55.2
42.5806
32.3077
33.6
27.3684
46.1538
54
53.3333
56.8421
55.2
55.3846
57.6
55
60
52.8
52.2581
29.4545
46.9565
56.8421
50
56.8421
66.3158
60
55
57.2727
46.0465
19.0244
31.6667
54
63.3333
70
66.6667
63
16.6667
64.2857
68
68.5714
68.5714
67.5
66.6667
38
49.5652
19.5349
26.6667
38
60
72
27.6923
72
156
60
68
10
67.0588
8.08989
68.5714
68.5714
70.5882
14.6939
8.37209
7.41573
11.1429
63.75
27.8571
72.8571
113.333
72
26
60
6.42857
56.4706
8.10811
12
5.6
17.1429
14.6667
28.8
64.2857
45
65.4545
127.5
76.3636
60
63.75
60
64
27.6923
73.8461
28.8889
21.8182
21.1765
27.8571
8
12.8571
33.6
70.5882
67.0588
69.2308
73.3333
67.0588
67.5
60
57
63
60
66
72.8571
69.4737
70
72
52.5
72
18.4615
15.3488
10.5263
11.4286
48
67.0588
68
70
66.3158
63
53.3333
54.2857
49.5652
22.2857
67.0588
40
67.0588
68
68
72
73.8461
72
22.1053
40.9091
35.5556
64.2857
68.5714
68
70
67.5
70
69
66.6667
66.6667
60
43.6364
46.3636
22.9412
20
14.2857
22.9412
66.6667
24.7059
69.2308
66.6667
74.1176
68.5714
69.4737
63
60
70.5882
68
75
68
71.25
68
70
72
66.6667
71.25
70.5882
60
60
55
20.4878
20.6897
47.5
27.6923
36.9231
37.5
50.5263
36.4286
44.3478
28.3333
63
60
60
54.7826
66
68.5714
69
68
72
68.5714
68
67.5
71.25
66.6667
68.5714
50.5263
45.6
26.4
31.4286
37.5
56.8421
56
38.4
56.6667
48
30.8571
16.6667
47.5
32.5714
26.4706
57.2727
66.3158
66.3158
69.4737
68
60
71.25
67.0588
68
63.5294
40.9091
45.7143
30
52.5
25.4545
18.8571
64
17.561
22.9412
41.5385
40.7143
31.7647
52.8
40.8
45.6
39.3103
69
60
70.5882
66.6667
56.8421
70
63.5294
68
68
67.0588
52.5
12.8571
28.4211
42
63.5294
67.5
63
33.1034
54.7826
30
37.2414
38.8235
54.2857
27.2727
51.4286
27.2727
60
60
62.8571
65.7143
60
30
23.3333
70
60
60
49.5652
36.4286
34
48
60
44.3478
25.1613
36.9231
30
31.2
60
26.6667
54.5455
31.7647
51.4286
64
68.5714
63.3333
56.6667
39.3103
35.625
57
27.0968
71.25
22.2857
48
28.5714
33.3333
27
33.1579
30.8571
36.7742
66
66.6667
66
20.8163
21.6667
31.1111
21.9512
30
21.9512
33.6
65.4545
39.3103
60
64.2857
30.9091
25.7143
24.8276
70.4348
20
36
22.7027
25.7143
23.0769
32.5714
90
60
70.9091
67.0588
110
69.2308
55.3846
9.29577
63.75
8.57143
67.0588
115.385
75
6.79245
10.1887
8.25
63.75
9.0411
72
64
63.5294
120
78.4615
27.0968
60
7.14286
56.6667
7.79221
11.0204
7.01299
17.7273
18.8235
30
63.75
30
63.75
90
108
60
60
63.5294
63.75
24.4444
69.2308
28.8889
23.6364
24.8276
28.9655
9.23077
14.6667
32.3077
67.0588
67.5
66.6667
87.6923
60
65.2174
60
66
66.3158
69
66.6667
75
66.6667
78.4615
81.4286
53.3333
76
18
16.7442
9.64286
10.1538
56.8421
66.6667
70
67.0588
63.5294
60
52.5
44.3478
66.6667
16.8
66.3158
70.5882
63.75
70
73.8461
69
71.25
78.75
20.5263
48.5714
34.6154
71.25
66.6667
70.5882
67.5
70.5882
63.1579
68
66.6667
66.3158
67.5
56.4706
51.4286
54.2857
25
15.7895
15.6522
20.5714
38.5714
38.4
63.1579
67.5
63
67.0588
69.4737
60
66.3158
68
71.25
68
71.25
69.2308
67.5
60
68
63.1579
66.6667
51
60
50.5263
28.9655
13.6364
47.3684
22.7027
44.3478
43.6364
38.5714
70.5882
30.9091
60
60
62.6087
67.8261
65.7143
70.5882
66.6667
68.5714
68
72
67.5
67.5
67.5
66.6667
71.25
36.6667
42
49.4118
30
35
40.8
44.2105
33.6
34.7368
57
69.4737
27.4286
57.2727
54.7826
30.8571
60
54.7826
63
63.5294
71.25
66.6667
72
67.0588
68
67.0588
67.5
38.4
45
43.2
25.7143
51.4286
64
38.4
64.2857
63.75
22.1053
54.7826
42.5
17.3333
30.8571
39.3103
45
38
31.5789
60
54.7826
67.5
50
60
68
60
68
66
60
50.7692
18
27.2727
49.4118
66.6667
66.6667
48.5714
62.8571
30.9677
33.1579
20.4545
40.7143
54.5455
53.6842
34.2857
66.3158
28
67.5
30
57.1429
56.8421
60
24.5455
64.6154
19.4595
68.5714
68.5714
66.3158
49.5652
42.5806
36
41.5385
66.6667
48.5714
40.9091
35
30
49.4118
22.7027
17.8378
45.6
60
57.2727
15.6522
64.2857
67.8261
63.5294
63
68.5714
42.5
67.0588
60
30
21.2903
23.6842
37.1429
30
51.4286
22.8571
10.3846
50
31.7647
51.4286
43.8462
63.3333
68.5714
60
29.0909
11.3793
18.8571
60
27.6923
23.1818
30
50
60
65.7143
37.2414
60
60
28
25.1613
29.0909
24
14.5455
66.6667
26.8966
75
30
40
14.1176
23.0769
45
71.25
30.9091
27.4286
96
56.25
158.182
84
98.1818
72.8571
60
54.7826
48.4615
161.538
120
155
92.7273
57.3913
56.6667
48.8889
55
48.3871
63.1579
46.875
57.6
165
152.727
108
60
54.5455
55.2
57.1429
60
51.7241
51.1111
68
50.3226
48.8889
47.6471
47.2727
47.6471
50
156
80
56.6667
52.8
55
53.0769
52.8
51.7241
51.1111
47.2727
48
44.6154
48
43.5
48
54.5455
130
96
68.5714
48.4615
45.5172
50
48.4615
48.75
53.0769
50
51.7241
47.6471
42.8571
44.2105
44.2857
48
46.1538
60
47.3684
50.7692
45
46.2857
75
45
49.2857
45
48.75
45.8824
48
48.75
47.027
51.7241
43.9024
50.3226
51.1765
46.6667
43.7838
44.2857
46.6667
48.3333
44.5161
48.3333
43.5
45.4545
81.8182
53.6842
42.8571
46.4516
49.2857
48
48.4615
46.1538
47.5862
45
45.8824
46.6667
43.7838
45
45.3659
45.4545
71.25
45
45
44
51.4286
53.3333
145.714
53.3333
48
43.6364
48
47.5862
51.7241
50.4
51.7241
48.75
48.75
52
45
48
48.75
48.3333
48
51.7241
44.2105
49.4118
50
48
51.1111
56.8421
54.5455
52.5
46.6667
46.6667
44.5161
48
45.4054
49.6552
50.3226
49.7143
51.7241
50.625
48.3871
46.8293
51.1111
48.75
48.75
48
48.3333
48
40
47.5
46.1538
45
46.9565
49.0909
48.3333
45.7895
52.2581
45.7143
52.2581
49.7143
47.2727
48.75
46.6667
47.2727
49.6552
48.3871
48.3871
53.5714
48.75
47.5
44.3478
50.5263
54.2857
44.2105
48.3871
46.0465
51.1765
52.2581
49.7143
48.3871
48
53.0769
49.2857
57.3913
50.7692
42.8571
46.3636
56.6667
54.2857
45.8824
48
48
52.1739
50.3226
50.625
54.8571
48.3333
57.6
50.625
57.3913
60
48.3333
47.2727
48
48.3871
51.1765
53.7931
49.4118
55.3846
45
50.9091
46.4516
48.75
53.7931
50.3226
53.5714
55.3846
52.2581
53.0769
55.2
53.7931
62.5
60
67.8261
85
60
152.727
75
90
68
56.8421
55
49.2857
160
142.5
138
120
54.2857
60
52.1739
49.6552
60
52.8
55.2
48.3871
46
160
120
54.5455
60
52.5
57
57.1429
55.2
49.6552
51.1111
48.75
47.5862
53.3333
46.2857
51.4286
51.1111
160
126
63.5294
52.5
50
50.4
54
51.4286
48.8889
52.8
50.3226
44.6154
47.1429
45
57
46.6667
46.4516
133.333
92.7273
69.2308
47.5862
50.4
48.3871
50.7692
51.1111
53.5714
49.2857
47.3684
46.4516
46.0465
45.3659
43.2558
44.2105
45.7895
54.7826
45.7895
48.8889
46.6667
44.2105
77.1429
43.8462
48
52.2581
50.3226
48.3333
49.0909
45
45.7895
50.625
44.2857
50
45.4054
47.3684
44.6154
80
46.6667
71.25
46.6667
70
46.2857
68.5714
45.4054
84
76.3636
49.5652
46.4516
43.125
50.3226
48.3871
48.8889
47.2727
45
48.3333
46.6667
41.8605
47.6471
45
43.125
47.027
47.5862
43.4483
57.2727
157.5
75
54
43.4483
48.75
45.5172
52.2581
51.4286
52.2581
48.3871
45.8824
48.75
48
50
48.75
47.027
55.2
50
47.2727
48.75
48
47.1429
63.1579
54.7826
54
48.8889
43.2
43.4483
49.6552
45.8824
52
48
50.9091
48.3871
48
48.75
46.5
48
48
48.75
48
49.7143
48.3871
54
43.6364
40.7143
45.5172
48
41.6667
47.5
48.9474
44.2105
52.2581
47.4419
50
45.6522
48
48.3333
45.8824
50
50
50.9091
48.75
48.75
42.5
42.8571
44.3478
54
52.1739
45.7143
49.4118
45
50.3226
50.3226
49.7143
49.0909
48.3333
53.0769
50
57.3913
50.7692
60
49.2857
56.6667
45.8824
44.6154
47.6471
53.3333
54.375
54.5455
48.6486
57.3913
52.5
55
57.5
45.8824
50.625
49.0909
48.75
50.625
51.6667
53.5714
49.0909
55.2
49.4118
47.5862
45.8824
49.6552
51.7241
55
53.5714
52.2581
48
49.6552
57.3913
57.5
60
60
