1
1
1
1
1
1
1
1
1
0.985185
0.993464
1
0.993333
1
1
0.931035
1
1
1
1
1
1
1
1
1
1
1
1
1
1
1
1
0.990566
1
1
1
1
1
1
0.991525
0.991525
0.991667
1
1
1
1
1
1
1
1
1
1
1
1
1
1
1
1
1
1
1
1
1
1
1
1
1
1
1
1
1
1
1
1
1
1
1
1
1
1
1
1
1
1
1
1
1
1
1
1
1
1
1
1
1
1
1
0.992857
0.985714
0.993197
0.992908
0.992908
0.992958
0.992701
0.992593
0.992593
0.992806
1
1
0.886364
0.992754
0.976744
0.938144
0.949153
0.992248
0.943925
0.98374
0.985185
1
1
1
1
0.975806
0.97479
0.955556
1
1
1
0.984496
0.976744
0.992593
0.984733
0.976
0.97619
0.976378
0.976923
0.975806
0.992857
1
1
1
1
1
1
1
1
1
1
1
1
1
1
1
0.990566
1
1
1
1
1
1
1
1
1
1
1
1
0.991228
1
1
1
1
1
1
1
1
1
1
1
1
1
1
1
1
1
1
1
1
1
1
1
1
1
1
0.991071
1
0.99115
1
1
1
1
1
1
1
1
1
1
1
1
1
0.982456
1
1
1
1
1
1
1
1
1
1
1
1
1
1
1
1
1
1
1
1
1
1
1
1
1
0.990991
1
1
1
1
1
1
1
1
1
1
1
1
1
1
1
1
1
1
0.991379
1
1
1
1
1
1
1
1
0.982143
1
1
1
1
1
1
1
1
1
1
1
1
1
1
1
1
1
1
1
1
1
1
1
1
1
1
1
1
1
1
1
1
1
1
1
1
1
1
1
1
1
1
1
1
1
1
0.977273
0.993421
1
0.980132
1
1
0.93913
1
1
1
1
1
1
1
1
1
1
1
1
1
1
1
1
0.990385
1
1
1
1
1
1
0.991304
0.991667
1
1
1
1
1
1
1
1
1
1
1
1
1
1
1
1
1
1
1
1
1
1
1
1
1
1
1
1
1
1
1
1
1
1
1
1
1
1
1
1
1
1
1
1
1
1
1
1
1
1
1
1
1
1
1
1
0.992908
0.985401
0.993151
0.992857
0.992857
0.992958
0.992754
0.992647
0.992647
0.992857
1
1
0.933333
0.954198
0.992647
0.966942
0.947368
0.949153
0.992063
0.946903
0.967742
0.992248
1
1
1
1
0.991935
0.933333
0.964789
1
0.993464
1
1
1
0.984496
0.976562
0.992593
0.984733
0.967213
0.975806
0.984375
0.976562
0.97619
0.992857
1
1
0.991071
1
1
1
1
1
1
1
1
1
1
1
1
1
1
1
1
1
1
1
1
1
1
1
1
1
1
0.990654
1
1
1
1
1
1
1
1
1
1
1
1
1
1
1
1
1
1
1
1
1
1
1
1
1
1
0.990476
1
1
1
1
1
1
1
1
1
1
1
1
1
1
1
0.991071
1
1
1
1
1
1
1
1
1
1
1
1
1
1
1
1
1
1
1
1
1
1
1
1
1
1
1
1
1
0.991453
1
1
1
1
1
1
1
1
1
1
1
1
1
1
1
1
1
1
1
1
1
1
1
1
1
1
1
1
1
1
1
1
1
1
0.990291
1
1
1
1
1
1
1
1
1
1
1
1
1
1
1
1
1
1
1
1
1
1
1
1
1
1
1
1
1
1
1
1
0.985075
0.993289
1
0.986842
1
1
0.931035
1
1
1
1
1
1
1
1
1
1
1
1
1
1
1
1
0.990476
1
1
1
1
1
1
0.991453
0.992537
1
1
1
1
1
1
1
1
1
1
1
1
1
1
1
1
1
1
1
1
1
1
1
1
1
1
1
1
1
1
1
1
1
1
1
1
1
1
1
1
1
1
1
1
1
1
1
1
1
1
1
1
1
1
1
1
0.992908
0.992857
0.993197
0.992908
0.992908
0.992958
0.992806
0.992701
0.992701
0.992857
1
1
0.957143
0.906475
0.985507
0.974576
0.9375
0.957265
0.992248
0.946903
0.97561
0.992308
1
1
1
1
0.992754
0.966667
0.964789
1
0.966667
0.979866
1
1
0.984496
0.976744
0.992647
0.984962
0.967213
0.97619
0.984375
0.976378
0.976
0.992857
1
1
1
1
1
1
1
1
1
1
1
1
1
1
1
1
1
1
1
1
1
1
1
1
1
1
1
1
1
1
1
1
1
1
1
1
1
1
1
1
1
1
1
1
1
1
1
1
1
1
1
1
1
1
1
1
1
1
0.99115
1
1
1
1
1
1
1
1
1
1
1
1
1
0.991228
1
1
1
1
1
1
1
1
1
1
1
1
1
1
1
1
1
1
1
1
1
1
1
1
1
1
1
1
0.991453
1
1
1
1
1
1
1
1
1
1
1
1
1
1
1
1
1
1
1
1
1
1
1
1
1
1
1
1
1
1
1
1
1
1
1
1
1
1
1
1
1
1
1
1
1
1
1
1
1
1
1
0.954023
1
1
0.988235
1
1
1
1
1
1
1
1
1
0.991228
0.99115
0.984496
1
1
1
1
1
1
1
1
1
1
1
0.97561
0.978723
1
1
1
1
1
1
1
1
1
1
1
1
1
1
1
1
1
1
0.993378
1
1
1
1
1
1
0.975309
1
1
1
0.991935
1
1
1
1
1
1
1
1
1
1
1
1
1
0.993827
1
1
1
0.983607
0.96124
0.978873
1
1
0.993056
0.985714
1
1
1
1
1
1
0.979592
1
1
0.971698
0.990566
0.983333
1
1
1
1
1
1
1
1
1
1
1
0.992754
1
1
1
1
0.993464
1
1
1
0.993378
0.971631
1
1
1
1
1
1
1
1
1
1
1
1
1
1
1
1
0.991803
0.984375
0.978723
0.981132
1
1
1
1
1
1
1
1
1
1
1
1
1
1
1
1
0.993548
0.993827
1
1
0.885965
0.954887
0.960938
1
1
0.979452
0.97973
0.993711
1
1
1
1
1
1
1
1
1
1
1
1
1
1
1
1
1
1
1
1
0.991803
1
1
0.99187
1
1
1
0.992593
1
1
1
1
1
1
1
1
1
0.980392
1
1
1
1
0.972603
0.972603
1
1
0.964029
0.977941
0.975309
1
1
1
1
1
1
1
1
1
1
1
1
1
1
1
1
1
1
1
1
1
1
1
1
1
1
1
0.99187
1
1
1
0.99187
1
1
1
1
1
1
1
1
1
1
1
1
1
1
1
1
1
0.963768
0.986301
1
1
0.993711
0.993103
0.993711
1
1
1
1
1
1
1
1
1
1
1
1
1
1
1
1
1
1
1
1
1
1
1
1
1
1
1
1
1
1
1
1
1
1
1
1
1
1
0.991736
1
1
1
1
1
1
1
1
1
1
1
1
1
1
1
1
1
1
1
1
1
1
1
1
1
1
1
1
1
1
1
1
1
1
1
1
1
1
1
1
1
1
1
0.991935
0.992537
0.978261
1
1
1
1
1
1
1
1
1
1
1
1
1
1
1
1
1
1
1
1
1
1
1
1
1
1
1
1
1
1
1
1
1
1
1
1
1
1
1
1
1
1
1
1
1
1
1
1
1
1
1
1
1
1
1
1
1
1
1
1
1
1
1
1
1
1
1
1
1
1
1
1
1
1
1
1
1
1
1
1
1
1
1
1
1
1
1
1
1
1
1
1
1
1
1
1
1
1
1
1
1
1
1
1
1
1
1
1
1
1
1
1
1
1
1
1
1
1
1
1
1
1
1
1
1
1
1
1
1
1
1
1
1
1
1
1
1
1
1
1
1
1
1
1
1
1
1
1
1
1
1
1
1
1
1
1
1
1
1
1
1
1
1
1
1
1
1
1
1
1
1
1
1
1
1
1
1
1
1
1
1
1
1
1
1
1
1
1
1
1
1
1
1
1
1
1
1
1
1
1
1
1
1
1
1
1
1
1
1
1
1
1
1
1
1
1
1
1
1
1
1
1
1
1
1
1
1
1
1
1
1
1
1
1
1
1
1
1
1
1
1
1
1
1
1
1
1
1
1
1
1
1
1
1
1
1
0.991228
1
1
1
1
1
1
1
1
1
1
1
1
1
1
1
1
1
1
1
1
1
1
1
1
1
1
1
1
1
1
1
1
1
1
1
1
1
1
1
1
1
1
1
1
1
1
1
1
1
1
1
1
1
1
1
1
1
1
1
1
1
1
1
1
1
1
1
1
1
1
1
1
1
1
1
1
1
1
1
1
1
1
1
1
1
1
1
1
1
1
1
1
1
1
1
1
1
1
1
1
1
1
1
1
1
1
1
1
1
1
1
1
1
1
1
1
1
1
1
1
1
1
1
1
1
1
1
1
1
1
1
1
1
1
1
1
1
1
1
1
1
1
1
1
1
1
1
1
1
1
1
1
1
1
1
1
1
1
1
1
1
1
1
