77.4193
81.1765
78.8571
81.8182
81.1765
82.5
51.2069
48.0992
60.5217
64.5113
61.9737
38.1022
31.0067
46.993
68.5714
67.2222
84.8276
84
80.5714
81.1765
76.25
73.4694
74.4444
78.3673
74.7368
73.3333
72.7273
72.1739
71.5069
71.0526
70.1205
69.5455
68.5714
66.2609
66.6667
67.6271
66.1017
66.5546
61.0256
35.8974
34.8718
43.3613
66.3636
68.3333
68.6441
68.9256
68.7097
68.64
68.7805
68.2258
67.9339
68.2051
67.1795
65.3658
67.563
67.6923
68.2051
68.7179
68.7931
68.2759
68.7179
68.1356
67.7586
68.2051
67.6923
67.2414
67.1795
67.0588
68.2051
68.7931
68.2759
68.2759
68.2051
68.7179
68.2051
68.2051
68.6441
68.0672
68.1356
67.1795
63.5821
63.1343
67.563
69.2308
69.661
68.6441
68.7179
68.6441
69.2308
68.7179
67.7586
68.2759
68.1356
67.1795
67.1795
64.1538
68.0672
68.6331
70
69.863
69.8571
69.4286
69.3617
68.8235
68.9552
68.9552
68.6956
67.6271
67.6923
69.7436
69.635
69.5238
71.8681
69.6429
69.8438
70.099
69.9174
69.0226
68.2759
68.3478
64.4118
68
69.4215
70.3448
69.7674
74.2857
64.7619
67.6271
69.4488
70
69.8507
69.7674
70.3279
70.2439
69.6774
69.4488
69.4215
69.0648
68.5714
67.9646
67.3044
69.6774
69.5
68.7097
69.375
69.3023
69.6183
69.3023
69.6923
68.5714
68.2927
68.1818
68.4211
69.7143
69.3913
64.1026
67.2414
68.2051
69.661
69.2308
69.661
69.5798
69.5
69.5
69.5798
69.5
65.3097
67.7586
69.1525
69.7436
69.2308
69.5798
68.5714
69.5798
69.5798
69.1525
69.1525
69.1525
69.8276
68.1356
68.2759
68.2759
69.5798
69.661
69.5798
69.5
69.0756
69.661
69.5798
69.661
68.1356
68.1356
69.3103
64.3243
66.9643
64.8214
67.3044
68.2051
68.2051
69.2308
69.0756
68.5714
68.5714
68.6441
68.6441
69.661
68.6441
69.0756
68.7931
64.2857
67.2414
68.2759
68.2759
68.7931
69.0756
69.5
69.5798
68.6441
68.6441
69.5
69.5
69.0756
68.3478
69
68.9256
67.4336
67.8947
68.2759
67.8947
68.0672
69
69.5798
68.6441
69.0756
68.2051
64.3636
67.3044
68.2051
68.8073
68.7379
67.7586
68.0672
68.5714
68.6441
68.2051
69.1525
69.5
68.5714
68.1356
64.8649
66.7826
68.2759
69.5327
69.5049
68.8696
68.5714
69
69.0756
68.6441
68.5714
68.1356
69.5
69.5
64.3636
67.8947
68.7179
69.4737
69.0266
69.5798
69
68.0672
69.0756
69
68.0672
68.0672
68.5714
68
70.1786
69.3103
69.661
69.7436
69.8276
69.5
69
69
68.5714
69
69.2308
69.3103
69.2308
69.5798
69.3913
69.5
69.5
69.5
69.5
69.4215
69.7436
69.913
69.7436
69.0756
69.5
75.4839
78.75
82.2857
81.1765
84.7059
53.7391
48.5
58.9565
64.6512
62.3841
37.2263
31.6216
46.187
68.8
66.6667
82.7586
79.2857
81.8182
81.8182
73.9286
74.6667
75.9184
75
75
74.1818
72.7869
72.7273
72.5373
72
70.8434
70.2273
68.1553
68.2759
67.1795
67.0588
66
61.5789
35
33.6842
40.8403
64.5454
67.8049
68.4956
69.0756
68.7805
68.7097
68.64
67.7419
67.438
67
67.6923
66.9421
64.3902
67.1186
68.2051
68.2759
68.2759
68.7931
68.2759
68.2759
68.2051
67.7586
68.2051
67.7586
67.7586
67.6923
67.6271
68.2051
68.7931
69.2308
69.7436
69.2308
68.7179
68.7179
68.7179
68.2051
68.1356
68.1356
67.6271
64.2188
63.6641
68.0672
68.2759
68.7179
69.661
69.7436
69.5798
69.2308
69.661
68.7931
69.7436
69.1525
67.6923
67.6923
63.7795
67.6271
68.1429
69.3333
68.6897
69.0648
69.4964
69.7872
69.1971
68.4444
68.4444
68.2014
67.1795
67.2414
67.7143
69.6
68.4444
68.7179
70.6667
69.6429
69.12
69.5327
70
68.9062
68.2051
67.8947
63.2308
67.563
69.2683
70.1786
70.073
77
69.4737
68.2051
63
67.1795
69.4488
70.08
69.403
69.7674
70.678
69.9174
70
69.6
69.7561
68.6331
68.5714
68.4956
63.2432
68.3478
69.6774
70
69.6
69.375
69.2308
69.1603
69.2308
68.8372
68.5714
68.7097
69.1892
67.9646
64.4444
67.7586
69.2308
69.7436
69.7436
69.661
69.5798
69.5
69.5798
69.5798
68.6441
68.2759
69.0909
65.0943
68.7931
69.2308
69.7436
69.7436
69.5798
69.0756
68.1356
69.1525
69.1525
69.661
69.1525
68.4211
67.6923
68.3478
68.2051
69.661
69.7436
69.5798
69.5798
69.5798
69.1525
68.2051
69.1525
68.7179
68.1356
68.2759
64.6154
67.9646
65
68.2759
68.7179
68.2051
68.7931
69.1525
69.0756
69.1525
69.1525
68.6441
69.1525
69.1525
68.6441
68.2759
65.4054
68.2759
68.7931
68.2759
68.3478
68.1356
69.0756
69.1525
69.1525
69.5798
69.0756
68.5714
68.1356
68.3478
68.4211
68.4211
68.2759
68.4211
69.0756
68.0672
68.6441
69.0756
69.1525
69.5798
69
68.2759
68.3478
68.2759
69.3578
69.3204
69.3103
69.0756
69.0756
68.6441
69.2308
69.1525
69.0756
68.5714
68.5714
68.2759
68.2759
68.972
69.4118
68.3478
68.0672
68.5714
69.0756
69.0756
68.5714
69.1525
69
69.5
67.4336
69.2308
69.4737
69.5575
69.5798
69.5
69.5
68.1356
68.0672
68.5
68.5
68.6441
68.5
71.1765
68.8696
68.2051
68.7931
69.8276
69.0756
69.5
69
68.5714
69
69.2308
69.3913
69.2308
69.0756
68.0672
69
69.5
69
69
69.8276
71.215
69.8276
68.0672
68.7179
75
80
80.5714
80
80
81.8182
51.6522
47
60.5217
64.5454
62.4324
39.4161
30.4
47.234
68.6842
67.2222
78.6207
82
75.8824
81.8182
71.25
73.6842
74.4444
77.3333
74.4
73.6842
73.3333
72.3529
71.831
71.2
70.1205
69.5455
68.0769
67.0588
67.1186
67.1186
67.5
62.0339
34.2222
35.1724
40.6015
64.4776
67.619
68.2927
68.5
68.4298
68.64
68.64
67.7419
67.438
67.2414
67.1186
66.8852
64.3548
67.0588
68.1356
68.7179
68.7179
68.7931
68.2759
68.2051
67.6923
67.7586
67.6923
67.6923
67.2414
67.1795
68
68.1356
68.7179
69.2308
68.7931
68.6441
68.7179
69.1525
68.7179
68.6441
68.0672
67.6271
67.1795
62.6277
63.5821
68
68.7179
68.7179
69.5798
69.661
68.6441
68.7179
69.661
69.2308
68.7179
68.1356
68.1356
68.2051
64.6512
68.0672
68.5714
69.4964
69.0411
69.8571
69.4286
69.7872
69.1304
68.8235
68.8235
68.2014
67.6271
67.1795
71.6418
69.5238
69.2647
70.4348
71.3333
70.7143
69.8438
70.6542
69.5
68.3721
69.1525
68.8696
64
68.4298
69.1971
70.8621
69.635
75
69.5172
69.4521
64.2857
67.1186
69.4488
70
69.7778
70.0763
70.1695
70.2439
70
69.6774
69.8361
69.0648
68.0357
67.9646
67.7586
69.6774
69.5
69.1936
69.375
68.8372
69.1603
69.2308
69.3023
69.0476
68.2927
68.6486
68.4211
63.0252
64.1379
67.7586
69.661
69.661
69.661
69.661
69.5
69.5
69.0756
69.5798
69.5
69.1525
68.3478
65.7391
67.7586
68.7179
69.2308
69.2308
68.6441
68.5714
68.1356
68.6441
68.6441
68.6441
68.6441
68.4211
67.6923
67.7586
68.2051
69.1525
69.661
68.1356
69.0756
69.5798
69.5798
69.5798
69.5798
69.1525
68.1356
68.2051
64.2857
65.8407
64.2857
67.2414
68.2051
68.2051
69.7436
69.5798
69.5
68.6441
69.5798
69.5798
69.5798
69.5798
68.6441
68.2759
64.2478
66.7826
68.2759
68.7931
68.7931
69.0756
69.0756
69.0756
68.6441
68.1356
68.5714
68.5714
68.1356
68.3478
66.9027
68.4211
68.7179
69.4737
69.5798
69
68.0672
68.1356
68.1356
68.2051
68.2051
67.3044
67.7586
68.2569
69.3204
69.3103
69
68.0672
68.1356
68.2051
68.1356
69.0756
68.5714
68.1356
66.7241
67.7586
68.8889
69.9029
68.7931
69
68.0672
68.0672
68.6441
68.1356
68.6441
69
68.0672
67.3684
68.2759
68.4211
69.0266
69.5798
69
68.5714
68.0672
68.0672
68
68.0672
68.5714
68
70.0885
69.8276
68.2051
68.7179
68.7931
68.5714
69.4215
69
68.5714
68.5
68.7179
68.8696
68.7179
68.5714
71.3793
69.7436
48.1818
44.0964
67.6923
71.2941
72.1429
66
67.0866
69.0909
36.9767
71.1864
78.75
76.3636
67.0909
75.5172
69.5575
69.6429
69.4488
65.9504
67.2581
68.3721
68.7692
67.438
68.16
69.2308
68.2258
69.6923
68.4956
70.3704
72.75
71.087
82.5
66.3934
66.3934
68.3721
68.2443
68.3721
66.3934
65.9504
69.6183
69.2308
69.2308
67.438
67.9339
69.6183
69.1971
69.6183
67.5
68.2258
69.6
69.8182
68.7097
69.4737
70.8434
70.5882
78.1395
72.9114
65.9504
67.4286
68.5714
68.7805
68.3212
66.1905
66.3415
69.5455
69.1603
69.1603
66.8852
66.4463
69.1603
69.6183
69.5455
67.438
67.438
69.3168
69.3507
69.7403
67.5
71
70.6452
69.9281
68.5
68.4298
70.4895
70.4348
69.0756
68.2927
69.6183
70.0763
68.8525
69.6923
77.5
67.027
67.8788
69.9029
69.1429
67.6271
65.8064
69.0909
67.7273
68.2443
66.2903
66.2903
69.0909
69.0909
69.8507
66.8293
67.3171
69.635
68.8732
68.6364
67.438
69.711
69.4737
69.8781
67.5
68
70
70.5109
68.4298
68.5
69.8571
69.7297
70
68.6441
69.6923
69.6183
69.5455
69.2308
69.6774
69.6923
69.6183
69.661
69.2683
69.2308
69.4215
73.3333
70.4348
68.6539
65.28
65.3226
67.2727
66.8182
66.3158
65.28
65.3226
68.1818
68.1818
65.76
66.2903
69.4737
69.0909
69.5455
66.8293
69.3642
68.961
69.3168
67.377
67.377
70.6931
70.8661
70.2439
67.438
67.5
70.4895
69.931
69.8734
68
68.0672
69.4737
69.7059
69.9248
68.5714
69.0756
69.6183
69.6183
69.6183
68.2051
68.7179
69.5455
69.5455
69.6183
69.8276
69.7436
69.1603
69.0909
69.8276
69.4215
69.6183
69.6183
69.3443
68.4375
65.28
66.3934
67.1642
64.7244
64.7244
66.9767
66.4615
65.7143
69.0226
67.7273
67.3282
66.24
68.8
69.0411
68.6331
66.8293
66.8293
69.2958
69.7183
66.8852
67.438
69.8507
69.9248
70.2532
67.9339
69.931
70.0671
69.9363
68.3607
68
69.5455
69.9248
69.9248
68.6441
69.403
69.5455
70
68.2051
68.7179
69.4737
69.4737
68.2759
69.8276
69.5455
69.1603
69.4737
69.8276
68.9062
69.5455
69.1603
69.913
69.3443
69.0909
68.6364
70.3448
69.3443
68.6364
69
68.2443
65.76
65.625
65.1562
65.1968
65.9542
65.28
68.1818
67.7273
65.28
65.8064
69.3976
68.3444
68.2443
67.3171
69.9248
68.75
67.0866
67.377
69.4937
70
69.1139
67.8689
68.3607
69.8507
69.7778
69.4737
68.0672
69.6183
70
69.5455
68.1356
68.1356
69.5455
70
70
70
69.2308
69.403
69.7778
69.8507
69.7436
69.7436
69.4737
69.7778
69.7059
69.8276
69.8276
69.3023
70
69.403
70.3448
69.403
69.8361
70.0885
69.913
70
68.1818
69.2308
70
69.5
68.6364
69.0226
66.0465
66.0938
64.6875
64.252
65.28
66.24
67.907
66.2903
68.5075
68.0952
65.8537
68.5714
68.5075
68.5714
67.438
70
69.5455
69.7674
68
68.5
69.5455
70
69.5455
68.1356
69.6183
70
70
69.2308
69.7436
69.7778
69.8507
70.3759
69.7436
69.635
69.635
70.1471
69.8276
69.7778
69.635
69.913
70.3448
69.7561
69.9248
69.3333
70
70
69.8507
69.9248
70.1471
70.5263
69.403
69.6183
66.72
65.5814
64.2188
65.1968
65.2381
65.28
65.7143
65.9016
65.9016
66.8852
68.16
67.5
69.8438
69.375
68.0672
69.5455
69.5455
69.6183
68.1356
68.2051
70
69.9248
69.9248
69.5798
69.661
70.2985
70.2985
70.2222
69.8276
69.7778
69.7778
70.2222
69.8276
69.8276
70.073
70.073
69.635
69.913
69.4737
69.635
70
70.073
70
69.8507
70
70
65.1968
65.76
65.76
65.8064
65.8537
67.377
67.3171
66.9421
67.438
69.6183
67.563
68.0672
69.5455
69.6183
68.0672
68.1356
70.2985
69.8507
69.5455
69.7436
70.2985
70.1471
69.8507
70.2985
69.8507
69.8507
70.073
69.7059
70
70
70
70
70.073
70.0885
70.6195
69.9281
65.8537
65.9504
65.9016
65.9016
66.3934
67.377
67.0588
67.0588
68.7179
70.0763
69.7436
70.2222
69.9248
69.7778
70.2222
69.8507
69.5575
70
70.073
70.2222
69.5575
69.913
70
70.073
70.2985
66.1017
65.9016
65.5932
65.9504
66.8852
67.563
68.5714
68.1356
68.2051
69.3103
69.8276
70.2222
70.2985
70.1538
70.3759
70
67.2414
67.1795
68.9474
69.4737
68.4956
67.4336
67.4336
67.3684
68.9474
68.4956
69.0266
66.2857
65.946
65.946
65.4054
67.2897
66.8421
66.3717
66.055
65.3571
67.5
66.9643
66.4865
66.4286
65.946
65.946
67.027
66.4865
66.6055
67.027
67.027
66.9903
66
66.4286
67.2222
65.8929
66.3717
66.9027
66.9027
67.4336
67.3684
67.4336
67.9646
67.9646
67.0909
68.4956
67.5676
67.0909
66.4865
66.9027
67.027
67.5676
67.027
66.9643
67.5
68.0357
67.5676
66.9643
66.6055
67.7419
65.641
66.2609
66.3158
66.3158
65.8407
67.3684
67.3684
67.3684
67.4336
67.4336
66.9027
67.4336
67.4336
67.4336
67.4336
67.4336
67.4336
67.5
67.6364
66.9643
67.5
67.5676
67.5676
67.5676
67.5676
67.5676
67.5676
68.0357
67.5676
68.1818
68.0357
68.0357
68.0357
68.0357
68.1081
65.641
63.5897
65.2632
65.1282
66.2609
67.3684
67.4336
66.7826
67.3684
67.4336
67.4336
67.3684
67.4336
67.5
67.4336
67.4336
68.4956
67.5
67.9646
68.4956
68.0357
67.9646
67.9646
68.1081
68.1081
68.2569
68.1081
68.7273
68.3333
68.1818
67.9646
69.9082
68.972
69.1892
68.0357
68.0357
68.5714
68.5714
65.1724
65.2632
66.3158
67.3684
66.8421
67.3684
67.4336
68.4211
68.4956
68.0357
67.5
67.027
68.1081
68.0357
68.0357
68.0357
68.0357
68.1081
68.1081
68.0357
68.5714
68.7273
67.9646
68.5714
68.7273
68.8889
69.1892
69.1892
69.2727
69.1892
69.5575
67.9646
69.7297
69.1071
69.0266
68.9474
69.6429
69.5575
64.1026
65.7391
67.3684
65.5462
67.8947
68.4956
68.0357
67.3044
67.9646
68.1081
68.1818
68.1081
68.1818
68.2569
68.1818
67.9646
68.0357
68.8889
69.2727
69.0266
69.0266
69.0266
69.5575
69.5575
69.1071
69.8182
69.8182
69.5575
69.6429
69.8182
69.9082
69.7297
69.9082
69.5327
69.6429
69.4737
69.0266
69.6226
68.6486
69.0266
69.5575
67.3044
67.9646
68.4211
66.8421
68.0357
68.1081
68.1818
68.1818
68.4112
68.972
69.3578
69.9082
69.7143
69.3578
69.6429
69.5575
69.2727
69.6429
69.6429
69.7297
69.6429
69.5575
69.6429
69.6429
69.9082
69.5327
70.1786
70
69.5327
69.2727
69.5575
69.4737
70
69.4444
69.7297
69.0266
66.5546
68.4956
67.5
68.8073
70
68.1081
68.8073
68.972
70
69.6226
69.7143
70.099
69.4444
69.1892
69.8077
69.3578
69.6429
69.6429
70.3636
69.6429
69.1892
69.7297
69.8182
67.0909
69.4444
64.9541
68.3333
69.7143
64.486
67.7064
68.972
69.3204
69.4444
69.5575
69.6226
69.1429
68.8073
68.6486
65.6604
67.2897
68.4906
