197.368
197.027
198.75
196.627
196.744
198.14
196.744
196.154
198.228
199.459
196.364
197.922
197.727
197.5
198
205.5
197.561
197.368
196.941
196.627
197.143
197.705
199.726
199.737
196.829
197.857
197.349
196.923
201.509
199.636
200.769
18
196.957
198.75
198.75
201.25
201.081
198.462
199.091
197.727
195
196.216
197.561
194.211
197.922
198.293
197.25
197.778
198.947
195.349
199.565
30
197.727
200
200.426
203.182
197.368
198.947
197.727
199.091
198.75
194
196.216
199.024
196.154
196.5
197.25
199.231
197.037
197.037
197.349
198.261
197.561
199.535
165
197.143
230
198.228
198.228
198.701
199.701
198.857
198.857
199.2
195.75
195.181
196.098
190.189
195.714
195
194.157
195.172
195.682
195.385
195.385
196.8
196.744
189.231
194.694
195.918
190.769
190.244
194.651
196.364
195.862
195.714
196.615
30
196.047
196.429
195.529
195.862
31.5789
197.455
196.271
196.981
191.163
196.596
196.154
196.471
200
185
192.857
194.667
199.245
191.667
189
192.558
196.941
198.214
196.744
196.047
195.349
194.824
194.545
194.4
195.6
150
195.652
195.918
196.25
197.872
189.231
193.953
195.652
194.348
191.053
188.333
193.171
193.953
194.615
195.949
196.429
196.296
194.634
193.846
195
199.286
193.636
192.558
195.949
195.789
196.923
195.385
196.709
220
195.2
195.75
194.634
196.429
196.235
196.047
197.045
195.506
196.941
195.556
196.579
195.211
197.25
197.143
190.286
193.333
191.667
192
187.742
196.047
196.829
196.235
196.875
24.9057
198.14
198.621
196.941
196.098
193.171
196.364
196.596
27.6923
192.727
194.595
191.667
195
190
188.276
192.727
193.714
188.182
189.231
186.923
177.857
195.904
197.857
195.904
192
193.333
195
190.714
192.414
195.789
195
184.615
188
193.548
196.216
195.882
23.3333
182.5
192
196.709
196.709
196.829
188.571
196.709
196.235
180
198.182
189.091
180
195.833
196.5
196.364
195.616
194.845
195.464
195.625
194.845
195.152
195
187.5
195.405
180
183.871
196.364
195.306
195.306
194.545
196.2
196.893
194.845
194.4
195.957
196.421
189.231
198.367
182.609
183.158
190.286
197.368
180
193.333
198.857
197.714
196.082
194.851
196.667
196.429
197.143
196.471
195.306
195.918
195.957
191.351
194.634
189.6
180
173.333
176.842
176.471
192
167.368
193.333
171
186.667
198.529
196.531
194.839
196.364
196.2
194.839
195.862
194.444
196.19
197.143
195.714
182.857
183.158
183.529
186
176.471
170
183.158
173.684
195.882
28.0645
197.333
196.701
196.25
195.918
42.5
28.7234
192.857
196.18
195.625
197.32
196.25
195.484
26.4706
192
180
183.333
180
180
180
180
172.5
173.333
27.8049
28.6047
196.579
196.304
195.824
197.143
29.6703
180
170
167.143
183.333
186.316
26.5385
195.938
196.579
36
27.1579
189.231
197.234
197.609
166.667
26.3736
27.033
25.9091
37.1429
26.9663
26.087
26
199.175
199.344
199.585
199.485
199.375
201.961
200
202.059
200.943
202.556
199.585
199.585
199.162
199.048
199.791
199.585
199.889
199.468
202.979
201.818
201.818
202.836
200.471
202.031
203.077
201.774
199.579
199.791
199.476
198.73
198.93
200
199.579
199.688
199.476
199.263
198.93
202.4
201
202.727
201.628
202.326
202.105
201
201.774
201.6
201.892
201.639
201.882
201.322
200.455
199.535
200.106
200
199.579
199.579
198.93
199.032
200.87
200.964
202.727
203.111
202.791
202.791
202.205
201.951
202.131
201.127
202
201.818
201.127
30
199.677
199.355
198.93
199.032
197.455
34.2857
199.304
199.784
198.93
199.149
198.93
198.71
41.25
200.806
201.951
202.381
202.131
202.56
202.131
201.681
200.909
200.909
201.864
198.811
32.093
27.6923
199.322
199.135
199.032
199.016
32
201.724
202
201.538
201.391
201.207
197.143
198.909
199.059
189.474
26.6667
200.357
198.811
200.748
201.053
28.1633
30.9091
26.4
199.708
200.426
200.93
28.2353
186.522
187.579
187.333
190
183.333
186.947
188.125
187.5
186.383
185.161
189
189.375
188.387
187.912
188.727
189.351
189.73
184.773
183.488
184.719
187.021
185.393
187.606
187.692
190.82
188.276
187.636
187.636
188.077
189.818
186.923
186.857
189.524
175.161
182.093
184.884
184.667
185.934
185.934
188.936
185.647
182.637
185.745
185.745
184.719
184.667
186.102
187.869
190.345
189.643
188.889
190.714
189.818
188.889
188.235
189.767
183.913
182.022
185.684
183.297
127.826
115.385
181.446
182.791
182.727
184.516
185.161
185.217
166.364
184.918
182.264
187.241
186.667
187.778
188.889
186.923
188.077
182.553
189.231
133.171
186.25
183.333
185.053
185.275
146.512
180
171.628
185.556
182.5
183.6
181.25
184.706
183.75
180
131.351
187.723
183.947
153.333
176.17
158.182
144
186.383
185.526
186.279
189.091
188.211
185.806
186.316
186
187.742
185.161
185.275
186.885
188.71
183.6
188.421
189.818
187.297
184.773
184.565
185.684
187.021
182.667
187.5
184.421
187
186.316
183.673
189.474
183.673
187.013
188.235
190.714
190.909
181.395
180
185.745
186.25
185
184.615
180
184.337
184.516
186.316
186.25
185.053
183.051
187.742
181.132
187.5
188.889
183.529
182.553
183.75
190.385
185.185
180
186.087
187.579
184.565
181.412
175.775
141.951
183.333
184.615
185.806
184.468
183.371
166.957
180
183.214
183.158
184.528
191.803
191.579
183.6
183.75
187.925
186
183.711
185.217
183.261
172.941
149.231
169.787
177.692
185.455
188.571
183.6
186.792
184.706
190.714
169.655
150.698
183.371
185.684
184.773
149.333
187.2
163.5
188.571
187.636
183.243
193.069
190.549
189.278
187.647
187.925
184
184.615
184.211
185.833
192.233
190.515
183.704
187.29
182.182
183.273
188
180
186.234
185.854
184.348
182.449
191.429
191.429
186.186
188.911
182.812
181.053
190.213
178.824
189.767
174.894
177.447
185.25
177.333
178.696
187.407
173.182
183.478
186.585
188.317
191.215
191.034
185.676
181.714
187.742
182.353
183.214
188.354
177.333
188.889
187.857
177.333
188.354
177.209
188.919
188.491
194.348
186.522
187.273
187.2
176.327
189.286
178.571
189.655
188.25
181.364
187.297
177
188.219
174.419
171.22
187.826
191.287
184.737
180
186.667
186.383
187.714
182
172.105
188.148
175.5
187.2
172.5
189.091
170.27
187.273
190
190.654
190.909
190.286
191.068
175
193.714
188.919
187.273
173.333
188.852
190.345
186.4
191.538
191.538
191.287
192
192.115
192.121
192.857
193.069
193.469
187.5
156
192.727
192.857
193.333
191.881
193.469
191.068
189.533
184.054
193.981
192.727
188.738
189.358
184.828
180
189.903
191.765
193.333
190.2
183.117
188.257
184.286
182.264
186.136
188.298
177.551
186.076
180
185.294
182.034
192.778
189.783
187.959
189.412
181.071
182.4
180
178.75
175
177.209
178.667
187.595
173.478
185.07
185.926
191.111
193.889
185.6
185.385
188.936
189.783
176.667
188.966
181.25
181.277
174.894
176
178.605
174.667
190.179
190.811
189.882
187.273
192.667
185.07
188.864
180
188.276
188.049
180
187.792
173.333
173.478
188
172.683
187.397
190.857
185.833
185.373
175.294
191.111
181.463
175.714
176.571
175.263
173.684
177
173.333
172.683
189.032
188.421
189.623
189.057
189.273
188.387
192.222
192
192.453
192.115
188.571
188.438
189.714
184.932
191.65
191.068
191.765
192.475
192.816
193.2
192.816
192.816
190.345
190
188.182
194.118
192
193.069
193.8
192
193.793
193.793
196.331
196.61
192.439
193.491
194.333
193.286
193.985
193.534
193.818
195.976
197.486
195.843
192.237
193.333
193.125
193.023
192.683
192.683
193.636
192.605
193.636
192.101
195
195.366
193.667
192.075
193.125
192.917
192.824
193.74
192.295
192.097
191.478
191.795
191.681
191.786
192.893
192.222
192
193.333
197.193
193.091
195.636
196.395
191.586
191.571
193.92
192.295
191.282
192.212
191.379
190.962
191.25
192.212
190.857
191.009
192.453
195.181
195
190.47
192.96
191.795
192
192.203
192.222
191.351
192.6
191.515
191.111
191.489
189.6
193.408
189.545
194.161
193.091
193.151
196.168
193.069
191.667
192.5
192.897
192
191.776
190.909
190.8
192.143
183.051
189.767
188.824
193.376
195.976
195.26
196.207
196.364
196.429
196.588
192.135
191.591
191.25
192.381
190.787
191.688
195.58
194.384
196.588
196.994
196.8
197.045
196.842
197.341
197.241
196.686
197.143
197.143
187.5
193.171
197.241
196.744
197.386
195.621
190.625
195.634
190.8
193.161
194.366
197.086
196.452
196.364
195.349
193.136
194.4
194.483
194.386
193.75
195.484
196.051
196.296
194.143
190.976
197.091
191.321
177.391
192.414
194.4
193.526
195.75
195.375
195.287
195.2
195.099
195.871
195.871
195.686
195.294
194.685
195.205
194.795
195.102
193.985
194.891
195
195
190.654
195.211
174.545
195
195.686
195.099
194.899
195.302
194.468
194.468
194.789
194.468
195.111
195.111
195.328
195.328
195.217
194.198
192.5
196.235
196.622
194.899
195.429
194.676
194.436
195
194.118
185
194.727
196.271
196.689
196.988
196.735
197.086
187.5
180
197.818
196.647
196.216
196.4
198
197.857
197.368
189.496
196.196
195
196.538
196.77
197.5
197.143
198.246
198
197.308
198.14
194.545
195.698
197.089
197.041
197.089
197.818
197.895
197.778
198.171
198.276
197.791
197.407
197.931
197.386
92.8571
82.1739
89.2683
101.379
186.522
185.821
188.842
186.061
96.3158
186.316
194.211
188.852
186.761
185.69
186.522
185.926
187.912
189.13
185.95
187.059
184.737
186.383
159.661
177.419
191.163
187.174
188.75
187.692
187.959
189.091
186.742
188.764
183.659
182.679
182.368
185.333
183.243
184.773
187.156
190.213
188.491
187.423
184.565
182.791
184.39
185
184.557
183.077
182.778
177.297
190.968
182.903
185.357
190.755
186.804
184.468
182.727
185.161
182.824
176.25
183.659
183.704
181.6
183.117
130.588
157.241
177.568
148.421
183.871
193.211
182.697
176.923
180.714
183.614
182.278
180.779
136.667
159.623
153.75
191.597
184.242
191.111
193.585
190
184.091
178.356
179.221
179.189
136.923
186.19
177.882
177.778
190.654
191.455
192.6
192.857
188.667
192.527
193.412
194.074
195.429
193.103
193.571
192.152
194.615
194.366
195
194.286
186.667
101.25
124.444
195.238
187.021
187.097
184.078
63.4615
185.347
184.615
190.787
193.6
185.085
182.769
185.625
186.522
184.186
186
185.085
187.143
185.641
188.041
143.478
174.783
186.226
187.273
188.077
188.727
185.625
187.5
186.742
184.828
183.659
185.714
184.248
185.854
185.806
185.263
184.667
182.264
187.778
193.333
189.767
184.706
187.66
185.87
184.773
186.136
184.337
183.704
185.25
183.846
180.822
184.737
177.059
183.051
184.404
190
185.684
186.875
184
183.409
182.143
182.118
180
182.278
182.368
162.857
172.603
186.346
187.429
193.458
179.268
182.045
182.759
184.667
184.941
184.39
147.692
92.1951
165
156.667
185.625
189.391
193.333
190.8
182.759
178.481
182.278
183
146.667
181.837
179.286
183.448
192
192.336
192.233
193.529
192
193.043
196.304
193.735
175.068
176.62
197.143
195.158
195.349
194.815
195.19
195.616
194.795
196.119
191.642
198.462
191.65
188.478
190.549
182.353
186.964
189.828
185.825
191.333
191.287
185.789
185.946
188.108
183.652
181.935
183.03
187.29
187.222
187.636
185.243
186.471
186.346
187.29
186.408
187.129
185.941
169.524
187.304
172.048
185.789
185.789
189.643
185.607
186.168
182.83
186.857
186.346
186.792
184.078
184.375
187.129
185.941
187.573
187.059
185.625
185.455
183.75
183.956
185.806
189.697
187.304
183.333
181.237
185.243
185.094
186.408
185.825
187.5
185.806
183.789
186.061
184.848
124.186
186.792
190.485
186.111
185.66
187.573
186.792
170.824
167.692
190.654
191.351
193.585
167.797
185.769
190.851
191.294
192.391
180
170.526
189.897
187.5
190.465
195
192.289
194.458
195.19
191.688
191.842
185
192.139
194.078
191.209
192.911
193.37
194.438
193.6
191.475
193.483
192.857
192.18
191.489
189.643
193.714
191.2
192
194.839
194.035
190.82
192.081
191.591
193.571
192.545
192.661
193.333
193.143
191.351
192.593
193.333
190.408
191.86
199.385
196.61
197.143
187.826
192.5
190.909
192.387
191.455
193.211
192.115
193.143
193.333
192.941
192
190.693
193.043
192.128
199.742
195.287
191.408
193.907
187.5
190.27
182.4
191.215
190.962
192.115
192
193.125
200
202.131
191.481
197.089
190.737
190.714
185.625
190.459
190.459
191.111
192.115
191.515
193.151
200
190.82
199.868
191.215
200.392
190.286
194.839
194.362
193.82
189.697
33.8462
120
170
182.927
182.609
189.863
191.006
196.438
194.118
194.566
191.538
193.019
200
191.4
200.392
190.693
191.176
195.652
195.912
189.796
194.362
192.994
193.526
190.909
199.732
198.8
199.184
199.437
199.856
199.732
199.732
199.862
199.859
200.444
200.784
196.686
197.143
197.927
197.544
197.095
196.76
200.146
200.27
200.14
200.288
199.732
200.134
199.862
200.735
196.114
197.091
197.143
200.93
191.613
191.803
150
193.333
193.125
194.078
192.632
191.271
191.489
192.329
197.516
41.5385
191.475
194.189
192.391
192.632
191.831
191.772
193.143
193.019
43.2
192
194.27
193.953
165
191.698
191.724
193.973
192.545
193.636
192.537
192.105
192.692
191.25
193.2
193.2
193.696
191.163
200.64
41.3793
196.552
196.692
191.597
192.195
192.483
127.5
193.019
193.143
193.171
192
192.6
191.287
192.128
190.323
199.873
196.364
192.653
190.8
191.681
191.786
191.111
191.776
192.571
191.515
196.5
199.329
197.793
191.779
196.689
191.053
90
190.811
192.308
190.459
192.115
191.765
192.794
199.054
191.5
200.132
191.887
191.455
191.429
190.093
194.438
189.903
189.505
191.765
39.3103
114.545
183.75
181.714
183.529
188.919
192.692
196.216
193.636
194.651
191.872
200
191.515
200.132
190.693
190.962
195.326
195.912
190.408
194.516
193.846
194.743
52.5
199.329
199.47
199.184
199.437
199.424
199.6
199.732
199.862
199.859
200.149
199.868
198.773
197.711
197.045
197.095
197.191
189.655
199.424
199.865
200
200.571
200
200.134
200.276
200.735
196.457
197.442
196.994
194.845
199.385
198.993
194.462
195
195
195.195
194.754
188.738
197.818
196.089
191.579
194.182
194.078
193.412
193.208
195.31
192.453
188.519
196.46
196.071
195.676
195.963
194.717
193.761
195.882
195.6
194.845
194.4
191.387
106.667
190.909
198.519
192.353
193.74
198.592
195.14
195.849
194.851
195.882
196.893
195.152
195.306
194.227
195.152
195.306
195
195.789
195.652
200.597
181.579
190.654
39.2308
195.607
198.462
194.082
195.758
195.625
195.625
195.957
195.957
195
194.043
200
81.4286
191.25
174.783
192.667
193.043
197.927
199.856
200.149
36
183.913
188.78
191.15
198.75
199.034
200.14
198.375
200.146
198.182
200
182.667
190.553
140
197.089
194.566
199.565
198.278
199.853
198.491
200.597
198.107
194.845
199.72
200.672
36.7742
36
192
194.468
200.444
199.856
201.692
200.752
198.608
200.294
200.787
198.353
197.711
202.08
201.562
200.752
201.774
199.329
202.881
199.091
203.363
201.12
196.897
201.818
195.077
195.789
199.13
193.151
194.462
195.333
194.595
195.195
194.622
188.077
197.711
196.76
191.56
194.458
194.157
193.373
193.462
195.328
191.779
194.087
196.316
196.071
195.963
195.556
194.312
195.577
195.882
196.04
194.118
201.069
190.345
133.333
191.311
198.037
193.043
193.714
198.723
194.717
196.262
196
196.311
196.311
196.04
196.04
195.625
194.694
194.845
195
195.319
195.652
202.205
54
189.767
191.25
194.237
195.698
199.27
193.939
196.893
194.845
196.082
195.625
195.319
195
193.75
200.417
184.615
200
171
192.353
194.4
196.981
199.424
198.072
34.2857
36.3636
190
38.0488
191.905
192.295
198.75
196.77
199.437
198.261
200.146
199.708
200.597
200.153
194.022
192.273
195.949
194.556
199.72
198.431
200.435
198.491
200.597
198.072
194.611
196.897
200.672
200.476
40.7143
190
194.348
196.527
200.571
198.553
201.493
198.519
200.735
202.435
198.353
195.978
201.951
201.356
201.364
202.56
199.47
202.56
201.527
199.355
202.832
201.6
197.528
38.1818
196.271
194.717
197.927
198.072
197.698
196.031
198.529
196.119
194.043
194.444
194.348
196.981
197.927
198.072
197.143
39.1304
197.872
198.462
38
196.875
197.538
195.738
48
198.689
195
194.667
195
196.709
198.405
198.293
197.711
197.857
196.686
196.5
197.379
198.148
197.711
197.5
194.656
37.2414
198
198.857
196.709
199.459
195.938
197.538
198.387
195.738
191.538
198.75
198
196.552
197.586
196.552
196.071
195.254
198.434
198.182
197.751
197.791
120
194.887
198.659
198.182
198.323
197.751
196.527
196.701
195.882
198.095
196.615
197.838
198.095
197.143
194.516
197.143
197.705
198
196.552
196.842
102.857
196.031
197.927
198.072
197.5
197.688
196.517
194.211
196.19
196.757
196.216
197.419
195.484
196.721
197.705
195.484
197.419
196.721
196
197.288
195.789
156
197.818
197.964
197.5
197.442
196.744
60
197.778
198.182
197.605
197.5
197.528
195.732
194.286
193.929
198
197.586
51.4286
31.4286
35.1724
195.849
197.455
196.727
196.721
32.7273
111.429
196.444
190.5
31.5789
197.195
197.455
31.1111
41.25
197
196.154
197.927
197.818
197.571
196.818
198.182
197.91
195.319
195
193.171
196.815
198.037
198.072
196.667
36.4286
197.872
197.857
195
45
198.387
197.538
196
194.118
197.705
195.789
197.705
194.769
197.888
198.148
197.669
197.818
197.751
196.168
196.835
197.5
197.927
197.818
195.634
195.455
197.647
198.261
196.5
197.468
198.182
197.812
197.705
195.738
200.952
198
198
197.288
196.552
195.484
193.448
197.778
198.545
198.072
197.294
197.931
197.625
198.148
198.545
198.072
197.396
196.564
196
196.071
198.462
197.812
196.765
198.75
197.419
195.455
193.636
196
198.689
197.561
197.586
196.552
72
196.241
198.293
197.561
197.5
197.544
196.552
192.5
195.789
196.535
198.082
198
195.938
196.271
197.705
197.419
196.552
196.271
197.288
194.483
195.789
197.143
197.468
197.818
197.091
197.857
197.069
192.632
197.516
198.293
197.711
197.5
197.727
195.75
196.119
198.214
196.071
195.517
195.789
196.327
33.6
27
195.963
197.301
196.829
197.083
30
128.571
195.676
189.73
192.857
196.77
36
32.7273
198
197.647
198
198
198.667
198.667
197.241
198.14
198.621
197.931
197
198.305
199
197.857
195.824
196.596
197.802
197.241
198.571
196.923
196.216
196.452
196.452
197
198
198.305
199.286
197.455
198.545
197.32
195.165
196.484
197.727
198.353
198.75
196.552
195.484
195.824
197.045
198.293
197.273
196.615
197.538
197.812
195.738
197.288
198.545
196.667
198.795
198.795
34.2857
147.273
196.875
195.652
196.774
196.744
198.571
200.548
195
202.623
196.296
200
196.634
197.308
194.483
193.469
189.677
194.026
198.6
200
196.311
196.311
196.822
188.78
193.469
193.263
192.692
188.372
194.516
193.77
190.227
193.77
194.237
190.667
193.973
204.407
199.065
195
193.274
193.019
194.062
195
194.795
194.237
193.22
193.77
194
192.453
192.857
190.909
194
189.796
191.538
190.714
204
203.077
38.5714
186.25
193.684
176.129
190.737
190
192.537
190
190.345
192
190.909
193.448
189.796
188.571
202.609
40.8
193.895
181.579
186.735
187.119
197.547
202.857
199.2
201.429
190.345
191
189.818
193
185.07
53.6842
37.6744
178.571
204.762
193.263
203.333
203.571
198.98
199.01
201.356
199.592
201.739
41.6667
34.5455
184.348
176.364
116
198.367
197.576
203.39
198.462
198.065
201.29
198.71
200.87
197.234
195.789
103.636
43.125
196.774
193.902
199.773
199.121
200
198.876
199.167
198.621
198.71
202.388
196.774
195.625
202.105
202.817
203
202.5
202.222
200.952
