0.666667
0.711538
0.689655
0.721739
0.747826
0.741379
0.754386
0.764706
0.814433
0.804348
0.827957
0.754902
0.758621
0.813559
0.819672
0.689655
0.745455
0.66087
0.726496
0.721739
0.730435
0.554545
0.623932
0.649573
0.713043
0.724138
0.721739
0.690265
0.815385
0.846154
0.753623
0.126582
0.793103
0.8
0.786885
0.761905
0.685185
0.722222
0.77193
0.77193
0.705882
0.711538
0.745455
0.76
0.663793
0.694915
0.695652
0.698276
0.365385
0.754386
0.754098
0.186667
0.785714
0.8
0.770492
0.6875
0.716981
0.716981
0.785714
0.77193
0.786885
0.625
0.74
0.759259
0.678261
0.695652
0.689655
0.672414
0.692308
0.698276
0.715517
0.766667
0.745455
0.741379
0.0634921
0.669565
0.116505
0.675214
0.681035
0.663793
0.587719
0.608696
0.608696
0.641026
0.677966
0.70339
0.738739
0.791045
0.711864
0.711864
0.754237
0.737288
0.739496
0.821053
0.83871
0.824176
0.796296
0.709091
0.816667
0.803279
0.722222
0.759259
0.716667
0.727273
0.725
0.705882
0.570175
0.564885
0.716667
0.705882
0.714286
0.731092
0.186275
0.846154
0.830986
0.768116
0.767857
0.79661
0.83871
0.822581
0.402985
0.72
0.763636
0.789474
0.84127
0.692308
0.769231
0.781818
0.708333
0.491228
0.699187
0.710744
0.716667
0.714286
0.314286
0.847458
0.806452
0.056338
0.793103
0.816667
0.786885
0.734375
0.764706
0.767857
0.779661
0.793103
0.730769
0.72
0.759259
0.767857
0.666667
0.669492
0.7
0.680672
0.694915
0.672414
0.733333
0.444444
0.77193
0.741379
0.669492
0.638655
0.655462
0.661017
0.663866
0.0306122
0.646552
0.727273
0.773585
0.770642
0.73913
0.747826
0.758621
0.780702
0.752212
0.75
0.817204
0.825581
0.879121
0.857143
0.7
0.705882
0.705882
0.612245
0.688889
0.747826
0.725664
0.745614
0.587156
0.445378
0.735043
0.74359
0.745614
0.738739
0.759259
0.758621
0.758065
0.166667
0.673469
0.711538
0.705882
0.679245
0.533333
0.630435
0.673469
0.7
0.511628
0.577778
0.577778
0.622222
0.734513
0.730435
0.734513
0.357143
0.692308
0.679245
0.622222
0.617021
0.716981
0.679245
0.590909
0.666667
0.645833
0.711538
0.653846
0.2
0.571429
0.652174
0.699115
0.699115
0.719298
0.223404
0.699115
0.73913
0.135593
0.634615
0.66
0.0967742
0.648649
0.707965
0.6875
0.657658
0.822034
0.808333
0.793388
0.82906
0.818182
0.786885
0.533333
0.698113
0.5
0.462687
0.818182
0.823529
0.816667
0.825
0.813008
0.85124
0.836207
0.840336
0.77686
0.766129
0.604651
0.583333
0.589744
0.513514
0.486111
0.5
0.5
0.5
0.486111
0.846774
0.801653
0.821138
0.743802
0.756757
0.809917
0.836066
0.809917
0.803279
0.770492
0.637931
0.766355
0.595238
0.513514
0.5
0.527778
0.485714
0.472973
0.527778
0.5
0.540541
0.435484
0.618182
0.816667
0.794872
0.811475
0.813008
0.775
0.719008
0.642857
0.707865
0.809917
0.7
0.512195
0.5
0.447368
0.512821
0.472222
0.5
0.527778
0.527778
0.453333
0.512397
0.756303
0.801653
0.786885
0.790323
0.228571
0.657343
0.291667
0.760684
0.8
0.788618
0.780488
0.768595
0.519084
0.416667
0.384615
0.461538
0.473684
0.5
0.486486
0.472222
0.457143
0.514286
0.585714
0.641791
0.666667
0.766667
0.752066
0.694215
0.64539
0.25641
0.473684
0.368421
0.473684
0.5
0.436975
0.576577
0.638655
0.315315
0.659722
0.270833
0.764228
0.747967
0.243243
0.627586
0.64539
0.37931
0.2
0.618056
0.652482
0.633803
1
0.983871
1
1
1
0.993506
0.987097
1
0.938053
1
1
1
1
1
1
1
1
1
1
0.891892
1
1
0.833333
1
0.850467
1
1
1
1
1
1
0.994565
1
1
1
1
1
0.993378
0.967742
1
0.826923
1
0.767677
0.8
1
1
0.755102
1
0.825243
1
0.854369
0.977273
1
1
1
1
1
1
0.98773
1
1
1
1
1
1
1
1
0.739583
1
1
0.739583
0.0373832
1
1
1
1
0.410448
0.325581
0.746753
1
1
1
1
1
0.137931
0.976378
1
1
1
1
1
1
0.694737
0.702128
1
1
0.328244
0.309524
0.977901
1
1
0.994565
0.340909
0.983051
1
1
1
1
0.0630631
0.9375
0.944444
0.158333
0.397059
0.717949
1
0.981651
0.991304
0.357664
0.253846
0.373134
0.815476
0.348148
0.5375
0.375
0.968421
0.989583
0.978261
1
0.957447
0.969388
0.96
0.946237
0.979167
0.989362
1
1
0.96875
0.98913
0.964912
0.987179
0.973684
0.792793
0.914894
0.956989
0.959184
0.936842
0.959459
0.962963
0.983871
1
0.982143
0.982143
0.962963
0.964912
0.962963
0.985915
0.969231
0.696629
0.851485
0.914894
0.957447
0.928571
0.928571
0.930693
0.876289
0.91
0.969072
0.969072
0.927083
0.9375
0.983333
1
0.983051
0.965517
0.964286
0.982456
0.982143
1
0.944444
0.988506
0.989247
0.978022
0.931373
0.928571
0.267442
0.361111
0.775701
0.851485
0.946237
0.958763
0.94898
0.929293
0.676923
0.910448
0.963636
0.966667
0.964286
0.964286
0.964286
0.928571
0.962963
0.959184
0.981132
0.262821
0.96
1
0.959596
0.90099
0.380531
0.977012
0.811321
0.947368
0.923077
0.877193
0.923077
0.944444
0.923077
0.959184
0.243421
0.926606
0.783505
0.308219
0.921569
0.622642
0.294118
0.979167
0.987013
0.977273
0.985075
0.95
0.958763
0.969388
0.957447
0.958763
0.978947
0.957895
1
1
0.943396
1
0.964912
0.973684
0.830189
0.948454
0.969388
0.959184
0.957447
0.96
1
0.983607
0.982759
0.960784
0.966102
0.942308
0.974684
0.962264
1
0.985075
0.843137
0.828283
0.959184
0.969697
0.969697
0.919192
0.853659
0.864583
0.94898
0.969388
0.979592
0.979381
0.967213
0.984127
0.981481
0.965517
0.981818
0.962264
0.94
0.941176
0.962963
1
0.93617
0.985714
0.913462
0.929293
0.876289
0.731959
0.554054
0.9
0.947917
0.94898
0.949495
0.89899
0.71875
0.936508
0.965517
0.982759
0.963636
1
0.966102
0.961538
0.941176
1
0.961538
0.979798
0.938776
0.938776
0.586207
0.354545
0.839286
0.945455
0.964912
0.949153
0.943396
0.946429
0.944444
0.965517
0.439394
0.282895
0.917526
0.969388
0.846154
0.298013
0.892857
0.784314
0.965517
0.982143
0.654867
1
1
0.95098
0.902655
0.861789
0.759494
0.77381
0.791667
0.837209
1
0.843478
0.771429
0.91453
0.763889
0.763889
0.833333
0.705882
0.810526
0.811881
0.831325
0.731343
1
1
0.843478
0.918182
0.735632
0.730769
0.824561
0.71831
0.788991
0.681159
0.701493
0.816327
0.703125
0.71875
0.81
0.6875
0.811765
0.836735
0.901786
1
0.852941
0.621849
0.721649
0.788136
0.671053
0.708861
0.738318
0.633803
0.757009
0.777778
0.692308
0.76699
0.671875
0.74
1
1
0.730159
0.86087
0.652174
0.628205
0.743363
0.575342
0.769912
0.733945
0.628571
0.711538
0.597015
0.722772
0.632353
0.630769
0.69697
0.808
0.716981
0.309735
0.577982
0.546512
0.630631
0.576923
0.513514
0.723214
0.555556
0.694444
0.571429
0.640777
0.552239
0.653465
0.990826
0.946903
1
1
1
0.48
1
0.672727
0.622642
0.514286
0.592233
1
0.707547
1
1
1
1
1
1
1
1
1
0.475248
0.367647
1
1
1
1
1
1
0.938596
0.632479
1
1
0.895652
0.879032
0.861386
0.768116
0.927928
1
1
0.840336
0.77
0.900826
0.756757
0.736111
0.854369
0.862385
0.731343
0.831579
0.742424
0.8
0.786667
1
0.821429
0.844828
0.809524
0.717949
0.694444
0.695652
0.695652
0.705882
0.661538
0.703125
0.79
0.69697
0.816092
0.826531
0.990826
1
0.619835
0.735849
0.789916
0.786325
0.72
0.783784
0.666667
0.671429
0.681159
0.671642
0.661538
0.692308
1
1
0.73913
0.908257
1
0.628319
0.77193
0.569444
0.798165
0.752294
0.614286
0.740385
0.661765
0.686567
0.728155
0.621212
0.737374
0.860656
0.679245
0.567797
0.6
1
0.539474
0.567568
0.486111
0.527778
0.542857
0.57971
0.545455
0.61194
0.732283
0.452381
0.954955
0.990654
1
0.699248
1
1
1
1
0.59434
0.615385
0.921053
0.722772
1
1
1
1
1
1
1
1
0.552381
0.466019
0.431373
1
1
1
1
1
1
1
1
1
1
1
1
0.992908
1
1
1
1
1
1
0.987013
1
1
1
0.984
1
1
0.983471
1
1
1
1
1
0.987578
1
0.986301
1
1
1
1
1
1
0.957627
1
1
0.947368
1
1
1
1
1
1
0.97973
0.985915
0.94697
1
0.951219
0.918699
1
0.896552
1
1
0.990566
1
0.99375
1
0.965517
0.967532
0.892857
0.975
0.991379
1
0.892562
0.991071
0.862069
0.86087
0.990826
0.854545
0.980392
1
0.628571
0.947059
0.970588
0.561538
1
0.808
0.955752
0.8
0.955357
0.818965
0.972727
0.8
0.961538
0.785047
0.460938
0.601399
0.492754
0.912791
1
1
1
1
1
1
0.773913
0.862745
0.714286
0.572727
0.881188
0.712963
1
0.874251
1
1
1
1
1
1
1
1
1
1
0.244898
0.386792
1
1
1
1
0.662069
1
0.961538
1
1
1
1
1
1
1
1
1
1
1
1
1
1
1
0.565517
1
0.384058
0.383333
1
1
1
1
1
1
1
1
1
1
1
1
1
1
1
1
1
1
1
1
0.722973
0.80226
0.0909091
1
1
1
1
1
1
1
1
1
1
1
1
1
1
1
0.923077
0.988372
1
1
1
1
1
1
1
0.461538
0.709677
0.988827
1
1
1
1
0.427481
0.216667
1
0.994253
1
1
1
1
1
0.86875
1
0.759494
1
1
1
1
1
1
1
1
1
1
1
0.994118
1
1
1
1
1
1
1
1
1
1
0.43299
0.560976
0.44086
0.367089
0.989247
1
1
1
0.404255
1
1
1
0.922078
0.983051
0.989247
0.975904
1
1
1
1
1
1
0.694118
0.939394
1
0.989247
0.989691
0.951219
1
1
1
1
1
1
1
1
1
1
1
1
1
1
1
1
1
1
1
1
1
0.948718
0.911765
0.992
1
0.990654
1
1
1
1
1
1
1
1
1
1
0.346939
0.522523
0.755102
0.520548
1
1
1
0.975
1
1
1
1
0.339623
0.449153
0.360902
0.991667
0.891892
1
1
1
1
0.960526
1
1
0.256579
1
0.708333
0.692308
1
1
1
1
1
1
1
0.987805
1
1
1
1
1
1
1
1
0.984375
0.385542
0.346154
1
0.969072
0.989362
0.936364
0.553191
1
0.991525
1
1
1
0.955882
1
1
1
1
1
0.988235
1
1
0.582278
0.910891
1
1
1
0.982143
1
1
1
1
1
1
1
1
1
1
1
0.990654
1
1
0.977273
1
1
1
1
1
1
1
1
1
1
1
0.822581
0.983333
0.990909
1
1
1
1
1
1
1
1
1
1
0.4375
0.640351
0.936937
1
1
0.97619
1
1
0.989011
1
1
0.40625
0.294964
0.52459
0.418605
0.888889
0.991379
1
1
0.988636
0.963415
1
1
0.296053
0.816667
0.724138
0.74359
1
1
1
1
1
1
1
1
0.9125
0.910256
1
1
1
1
1
1
1
1
1
1
0.990385
0.989247
0.98913
0.962264
1
1
1
1
1
0.942149
0.991071
0.991071
0.991379
0.992
1
1
1
1
1
1
1
1
1
1
1
0.428571
1
0.628788
1
1
1
1
1
1
1
1
1
1
1
1
1
1
1
1
1
1
1
1
1
0.991379
0.972973
1
1
1
1
1
1
1
1
1
1
0.302817
1
1
1
1
1
0.990654
0.669291
0.619048
1
1
1
0.409722
0.920354
1
0.977012
1
0.801587
0.493506
1
1
1
1
1
1
1
0.606299
0.59375
0.283465
0.988571
1
0.994536
0.612403
1
1
0.539568
0.994565
1
0.994536
0.992537
0.992958
0.430769
1
0.614754
1
1
0.988439
0.445255
0.986755
1
0.608696
1
1
0.913043
1
0.888
0.648
1
0.809917
0.710744
0.984848
1
1
0.345865
0.991736
1
0.95679
1
1
1
1
0.627907
1
0.972222
0.834711
1
1
1
0.987421
0.986111
0.993421
0.298507
1
0.18797
1
1
1
1
1
1
1
0.993865
1
0.989583
0.965517
0.240602
1
1
1
1
1
0.906832
1
0.953125
1
0.955357
1
0.972222
1
1
1
1
0.282609
0.0681818
0.220588
0.303704
0.328571
0.486667
0.918478
0.918239
0.982659
1
0.98913
0.898305
1
0.909091
1
0.935185
0.927273
1
1
0.942308
1
0.912791
0.994253
0.53012
1
1
1
1
1
1
1
1
1
1
1
1
1
1
1
1
1
1
1
1
1
1
1
1
1
1
1
1
1
0.476923
0.465649
0.0991736
0.609023
0.987654
1
0.575758
0.989071
0.367188
0.593496
1
0.0935252
0.994565
0.993289
0.994595
0.425373
0.993007
0.981366
1
1
0.176056
1
1
0.988506
0.0895522
0.987578
0.994286
0.532847
1
1
0.943662
0.838235
0.990476
0.896
1
1
1
0.716667
0.976562
0.202797
1
1
0.991667
0.991935
0.949045
0.0597015
1
1
0.645669
1
0.990099
0.827869
0.989474
0.794872
1
0.987179
0.986577
1
1
1
1
1
1
1
1
1
0.97973
0.987879
0.993421
0.984456
0.0888889
1
0.282609
1
1
1
0.85
1
0.944882
1
0.938053
0.964912
0.945946
0.981651
1
0.990385
0.990196
1
0.208633
0.0827068
0.342857
0.261194
0.351724
0.493333
0.684211
0.919255
1
1
0.973958
1
0.9
1
0.935185
0.954128
1
1
0.933333
1
1
1
0.057554
1
1
1
1
1
1
1
1
1
1
1
1
1
1
1
1
0.861386
1
1
1
1
1
1
1
1
1
1
1
1
1
1
1
1
1
1
1
0.656051
1
1
0.674556
1
1
1
1
1
0.957831
0.880435
1
1
1
1
1
1
1
1
1
1
0.761111
0.0642857
0.751553
1
0.64557
1
1
1
1
1
1
1
1
1
1
1
1
1
1
1
1
0.281481
0.652439
0.180556
1
1
1
1
1
1
1
1
1
1
1
0.108527
0.731429
0.164286
1
0.989247
1
1
1
0.239726
0.326241
0.550336
0.680723
1
0.993151
1
1
1
1
0.992481
0.321429
1
0.0461538
1
0.994253
0.992806
1
1
1
1
1
1
1
1
0.21831
0.172414
0.75
0.839286
0.992647
0.992857
0.992366
1
1
1
0.992188
1
1
1
1
1
1
1
1
1
0.991228
0.992063
1
1
1
1
1
0.83908
1
1
1
1
1
0.658228
1
1
0.64881
1
1
1
1
1
0.958824
1
1
1
1
1
1
1
1
1
1
1
0.796703
0.0642857
0.757764
1
0.705521
1
1
1
1
1
1
1
1
1
1
1
1
1
1
1
1
0.0724638
0.763314
0.674699
0.994382
1
1
1
1
1
1
1
1
1
1
1
0.445205
1
0.142857
0.814371
0.977654
0.99375
1
1
0.238095
0.232394
0.434211
0.292857
0.728324
0.721893
1
1
0.993007
1
1
1
1
1
1
0.77193
1
0.988304
0.993056
1
1
1
1
1
1
1
1
0.992126
0.194444
0.678571
0.836364
1
0.992908
1
1
1
1
1
1
1
1
1
1
1
1
1
0.992424
1
1
0.992063
1
0.161765
0.602041
0.552083
1
1
0.992857
0.935714
0.985507
0.930556
0.479592
0.556701
0.469388
1
1
1
0.958333
0.17037
0.989474
0.98913
0.217391
1
0.928571
0.622449
0.0793651
0.983871
0.571429
0.454545
0.589474
1
1
1
1
1
0.982558
1
1
1
1
1
0.879195
0.205674
0.985915
0.985915
0.731481
0.685185
0.969697
1
1
0.61
0.25
0.984615
0.983607
0.983051
0.983051
0.935484
0.875
0.634409
1
1
1
1
0.0756303
0.892617
1
1
1
1
0.965318
0.941748
0.842975
0.913043
0.970149
0.691589
0.954545
0.969231
0.62
0.623762
0.983871
0.983607
0.983051
0.982759
0.0603448
0.873333
1
1
1
1
1
0.567164
0.919708
0.867188
0.698113
0.911765
0.62
0.924242
0.953125
0.613861
0.953846
0.968254
0.967742
0.967213
0.982759
0.0819672
1
1
1
1
0.298611
0.0291971
1
1
1
1
1
0.964706
0.617647
0.888889
0.923077
0.90625
0.0546875
0.151079
0.213235
0.736111
1
1
0.423611
0.0797101
0.057377
0.876623
0.296296
0.139706
1
1
0.194245
0.122137
0.606061
0.536082
1
1
1
0.93617
1
0.930556
0.474747
0.541667
0.427083
1
1
1
0.97006
0.201439
0.989474
0.988235
0.431373
0.183206
0.984127
0.928571
0.441176
0.336634
0.924242
0.581633
0.835616
0.684211
1
1
1
1
1
0.982353
0.992857
0.993103
1
1
0.8875
0.891892
0.971429
0.985714
0.740741
0.724771
0.970588
0.984615
0.983871
0.616162
0.969231
0.983607
0.9375
0.983333
0.920635
0.666667
0.623656
1
1
1
1
1
1
1
1
1
1
0.958824
0.949367
0.854962
0.942029
0.955224
0.653846
0.955224
0.984127
0.647059
0.44
0.983607
0.983871
0.41
0.983051
0.983051
0.0862069
0.886667
1
1
1
1
1
0.553846
0.923611
0.900709
0.682243
0.895522
0.633663
0.578431
0.938462
0.953846
0.90625
0.936508
0.967213
0.966667
0.982759
0.965517
0.993711
1
1
1
0.716049
0.273381
1
1
1
1
1
0.924855
0.650485
0.861538
0.888889
0.935484
0.919355
0.913043
0.178571
0.144928
0.756944
1
1
0.888889
0.115108
0.0583333
0.730263
0.278196
0.444444
1
0.152672
0.161765
0.9375
0.904255
0.933333
0.983607
0.9375
0.927835
0.966667
0.945055
0.90625
0.90625
0.952381
0.967213
0.983607
0.875
0.98913
0.979167
0.947917
0.915789
0.857143
0.962963
0.961039
0.96875
1
0.983607
0.983607
0.983333
0.949153
0.964912
0.964912
0.979798
0.968085
0.957895
0.916667
0.885417
0.816327
0.977528
0.978947
0.968085
0.926316
0.828283
0.956522
0.970149
0.984848
1
1
0.983333
0.948276
0.927835
0.85567
0.838384
0.515789
0.150685
0.979592
0.958333
0.94898
0.905263
0.848485
0.737374
0.756757
1
1
1
1
1
1
1
0.96875
1
1
1
1
1
1
1
1
1
1
0.966292
1
1
0.988764
1
1
1
0.890244
1
1
0.920354
1
1
1
1
1
1
1
1
1
1
1
1
1
1
1
0.976744
1
1
0.451613
0.842105
0.957983
0.360465
1
1
1
1
1
1
1
1
1
1
1
0.526316
1
0.447059
0.837607
1
1
1
1
1
1
1
1
1
0.70297
0.22619
0.452632
0.446809
1
0.896226
1
1
1
1
1
1
1
0.391304
0.383721
0.683168
0.383721
0.172414
1
1
1
1
1
1
1
1
1
1
0.13253
0.355556
0.958763
0.82
1
1
1
1
0.986301
1
1
1
1
1
1
1
1
1
1
1
