138.837
137.528
136.429
140.93
141.099
141.573
131.471
133.521
140
141.176
118.5
135
137.538
118.537
136.071
143.448
143.023
131.507
133.671
141.333
141.333
141.333
141.573
111.25
115.909
137.6
135.833
109.5
110.769
136.452
135
133.125
109.231
112.5
130.345
136
112.857
126.545
109.091
118.605
132.973
133.421
137.241
141.818
141.818
137.647
125
126.102
146.341
141
139.2
106.667
112.5
137.143
136.286
109.5
110.769
134.545
136.364
134.783
108.293
110.769
129
133.333
134.769
106.5
108
130.82
130.476
107.143
126.545
129.677
127
103.529
133.433
133.671
132.329
104.348
106.047
136.765
138
100
102.667
135.882
136.286
99.1304
102.273
135.455
132.727
134.783
104.286
104.286
133.333
133.333
104.286
101.86
127.619
130.476
105.714
105.714
127.119
127.869
130.909
136.056
101.739
133.235
132.923
94.4681
99.5455
133.043
132.537
97.5
107.143
133.125
135.224
133.433
102.857
101.429
133.846
133.636
102.857
102.273
130
131.077
135.455
101.333
132
129.375
107.692
105
128.571
125.806
137.442
138.876
134.815
139.059
140
140.44
131.613
134.783
139.024
140
107.143
115.61
131
135.455
115.714
131.186
136.744
134.4
133.846
138.876
140.87
140.455
140
108.571
114.419
137.838
137.746
109.756
109.5
133.77
133.333
138.462
109.231
110
131.579
131.803
114.146
129.818
110.233
137.26
137.25
139.535
138.837
138.621
138.571
138.837
127.241
127.636
137.838
139.518
141.429
105.714
106.829
134.545
134.118
102.273
103.636
133.548
134.545
133.636
107.143
107.692
108.293
136.271
133.548
132.381
103.902
105.714
130.526
132.787
108.571
121.176
130.169
139.286
131.304
100
133.714
135.429
136.615
98.6667
101.86
132.727
133.235
98.6667
101.86
132.188
132.727
131.471
104.615
106.5
131.429
132.188
99.5455
103.256
131.613
133.333
107.143
104.651
124.286
129.153
129.836
100
135
133.235
99.5455
131.471
132.353
99.0698
106.667
132.727
130.909
129.231
102
105.405
133.125
133.125
102.439
102.857
130.645
131.25
97.5
133.636
97.3333
132.188
128.438
103.5
103.902
131.429
130.154
105
103.902
133.636
129.231
138.367
141.429
138.71
138.409
123.529
138.261
139.149
140
139.175
140.816
139.375
133.6
131.818
134.167
132.381
126.923
122.727
117.273
118.571
121.429
115.814
111.25
107.368
128.333
137.609
139.375
138.913
138.316
138.511
137.143
138.065
111.864
133.571
136.667
139.787
140.211
140
140
139.355
144.13
117.143
118.636
121.277
121.304
116
115.909
116
117.209
117.209
114.667
117.143
120
115.814
112.174
109.787
112
109.333
110.87
113.617
129.524
137.727
136.18
138.462
137.802
137.419
140
140
135.506
105.333
113.333
104.348
109.333
114.545
114.667
110.233
114.667
115.909
117.073
111.628
117.143
112.857
110.455
109.333
108.837
114.545
110.667
111.818
108.75
137.143
139.773
140
140
140.667
137.727
138.261
138.261
140.645
140.645
98.1818
103.043
101.739
108
111.818
102.667
106.364
110.455
110.455
111.818
110.455
138.621
134.805
133.151
137.857
140.455
140
138.667
101.739
101.739
131.538
132.857
139.31
137.561
141.818
142.8
141.031
139.551
123.913
138.71
141.875
141
141.6
141.212
141.6
146.538
136.667
134.769
136.667
133.77
118.696
121.538
118.537
117.073
114.419
114.286
111.818
133.256
138.316
138.75
140
139.794
139.794
141.031
139.579
118.983
135.349
139.149
140
140.204
138.557
140.204
142.268
141.818
111.628
118.605
122.667
124.186
118.462
118.421
116.923
115.5
113.023
114.286
120
112.857
115.61
111.429
110.667
109.091
107.442
110.233
108.261
139.149
137.872
138.316
140.455
132.289
140.645
141.474
139.787
140.426
141.25
139.579
138.913
107.143
117
114.667
103.902
111.22
111.429
112.5
112.5
112.683
114.146
111.22
114
111.892
112.683
108.571
108.837
106.047
108.293
106.364
108.837
109.091
122.812
136.235
139.78
138.913
139.355
138
138.462
138.065
102
138.202
142.5
141.031
140.211
138.511
138.511
99.5122
107.143
105.714
110
107.727
107.692
108.571
110
110.233
108.837
108.837
108.837
139.78
137.045
139.091
133.421
135.2
136.744
139.78
139.121
138.913
139.091
139.059
138.837
106.154
107.143
110.233
134.25
138.14
140.69
136.923
111.111
137.241
140.667
96.5854
136.364
138.462
135.455
136.579
145.895
146.526
145
143.077
144.894
144.632
144.632
129.851
134.118
139.5
132.787
137.812
146.17
145.532
145.979
145.895
146.875
146.25
143.544
139.481
141.75
146.25
134.516
136.19
138.689
134
134.754
142.4
134.237
136.216
136
138.592
153.402
150.638
148.421
145.895
147.216
148.421
147.5
149.091
145.909
147.033
150.323
145
147.158
145.714
149.677
139.787
141.231
140.308
139.048
138.689
137.705
142
130
133.77
137.895
131.379
135.517
139.059
136.842
134.737
138.082
136.271
145.435
149.032
146.061
148.485
149.032
145.862
151.034
147.273
152.842
146.809
148.085
147.447
145.361
149.388
146.809
147.887
140
141.667
132.727
138.095
141.639
139.355
136
138.387
133.22
129.836
125.085
135.517
134.483
137.895
132.632
135.273
136.364
143.077
146.452
146.939
148.605
153.077
150.309
143.596
138.806
138.182
137.705
131.429
128.71
133.333
137.419
137.143
134.754
133.77
132.632
134.237
130.169
148.831
135
124.39
147.835
146.25
142.154
130
134.348
131.321
130.82
126.923
133.22
136.271
130.169
134.483
134.483
149.6
145
118.75
131.186
147.5
144
145.161
144.27
145.806
146.17
132.537
136.119
141.538
135
133.521
149.333
149.677
147.789
147.742
145.895
148.421
146.4
142.4
140
144.375
131.613
134.516
133.548
135
136.271
137.368
134.483
138.082
131.786
135.938
148.421
146.292
145.055
149.053
150
149.684
146.526
145.532
143.721
145.909
148.352
146.452
147.742
147.789
150.323
135
136.875
135.738
137.705
136.721
138
134.483
136.552
139.322
133.929
133.684
135.904
135.789
135.273
137.746
130.909
145.263
144
148.352
148.387
140.4
150.732
148.043
153.83
144.894
145.361
145.625
147.789
148.387
142.059
141.37
134.167
136.19
134.286
131.613
133.77
133.22
134.483
132.203
131.579
137.586
133.929
138.621
136.842
134.182
132.632
141.951
145.263
144.375
151.059
149.61
143.81
137
131.579
130.476
133.548
133
132
135.254
134.483
136
133.684
135.789
143.871
134.348
118.5
153.125
147.216
147.75
135.6
123.75
130.526
131.803
122.222
130.169
136.271
135.254
136
138.947
115.472
129.818
145.806
146.087
148.696
145.814
145.714
145.806
129.524
138.462
138.947
139
137.015
148.667
150.652
146.452
149.032
147.391
149.362
140.25
141.081
140.769
137
139.322
139.672
137.586
136.271
134.167
136.071
135
130.714
135.938
150.682
144.545
147.391
146.087
145.532
146.739
144.894
146.17
140
145.517
152.609
147.447
147.033
145.714
146.809
146.875
137.143
135.938
134.286
135.738
137.288
143.793
136.842
134.483
135
134.737
134.444
135.849
135
139.13
145.055
149.348
145.361
145.895
149.455
144.578
147.5
146.292
149.032
146.452
147.033
145.806
146.17
147.447
145.588
140.548
135.429
131.613
134.516
135.484
134
135.517
143.39
135.517
136.071
131.538
135
130.526
130.189
131.786
129.057
147.391
146.087
150
146.842
151.333
142.623
138.75
135.517
132.581
134.754
133.22
134.237
133.22
134.737
128.421
132.632
133.091
137.143
131.25
148.723
142.258
131.053
125.882
125.66
130.345
122.308
131.379
133.448
122.667
129.474
137.5
133.187
132.667
135.333
140
127.714
136.056
141.064
141.702
141.474
139.149
142.174
127.013
129.75
130
134.211
122.647
126.176
127.059
123.429
125.455
121.791
145.545
145.361
149.362
146.25
117.857
144.375
141.818
139.551
131.507
129.429
132.676
132.676
132.329
132
126.269
126.957
127.714
127.714
124.615
123.636
126.269
124.478
126.364
120
121.818
122.769
120
119.077
136.429
142.979
115
131.507
124.688
126.087
126.957
132.676
127.059
122.727
125.294
125.294
126.957
133.913
118.182
125.625
123.636
124.478
124.412
123.478
120
122.812
123.692
121.846
137.647
123.75
127.826
131.143
129.231
126.269
127.164
125.294
131.304
126.462
151.084
151.765
143.077
147.429
158.372
155.581
155.294
153.976
151.579
152.593
152.791
154.699
146.129
142.258
142
143.39
142.105
144.643
144.706
154.884
153.571
154.5
156
164.828
163.636
156
155
152.471
153.659
154.39
147.188
146.364
144.194
141.29
143
143.39
140
141.053
140.727
137.455
136.364
183.684
179.375
164.835
159.07
154.286
153.571
152.857
151.899
161.25
165.714
166.517
159.07
153.659
147.097
146.129
143.607
143.226
143
144.407
140.357
139.286
137.455
140
139.636
136.981
186.942
172.34
160.909
156.429
167.742
184.39
185.217
170.323
160.449
154.588
154.815
154.5
143.81
146.769
143.226
144.194
145.161
142
141.639
140
142
145.862
141.053
138.214
144.211
142.222
144
134.4
125
186.804
189.197
178.163
162.472
156.429
155.422
120
146.667
125.806
143.39
141.356
142.623
140
141.356
141.724
142.759
140.69
140
81.1765
174.545
167.442
151.765
184.138
180.6
167.191
159.529
155
105
140.727
113.077
140
135.789
142.373
144.407
142.759
142.759
139.655
141.724
138.214
162.128
112.5
143.571
92.1429
140
78.2609
149.231
150
142.623
145.455
154.815
149.62
149.62
151.139
149.589
149.189
149.62
150
141.724
140.339
136.842
137.895
136.364
136.981
139.615
152.25
151.463
149.6
149.589
159.759
156.867
153.418
151.139
151.139
150.39
151.2
144.194
144.59
141.724
140.339
140.339
140.339
134.717
139.286
137.308
140
138.889
177.6
172.826
161.647
154.5
152.658
152.658
149.211
149.167
149.167
155.2
161.481
160.941
154.815
150.75
143.39
142.373
141.053
140.69
137.143
137.895
136.071
137.143
136.981
139.636
138.889
136.981
186.24
182.83
167.333
157.5
154.937
145.946
146.842
161.429
179.412
179.388
165.682
157.037
154.177
151.2
146.757
151.268
141.724
142.373
139.286
142.105
139.636
141.053
138.214
138.214
138.214
137.455
137.455
138.545
140.727
67.0588
180
185.172
172.088
159.75
154.615
153.077
87.2727
135.385
178.737
112.258
138.545
137.895
139.286
136.364
136.667
138.545
137.455
138.113
137.455
166.479
161.842
71.25
178.209
173.793
161.013
156.154
103.846
139.615
108.462
137.778
126.667
135.849
136.981
138.214
138.214
136.667
138.889
139.286
46
117.391
93.1035
132.245
75.5556
135
60
152.658
151.852
150.37
150.37
151.852
151.538
147.273
146.757
144.545
148.767
147.123
147.945
149.167
147.5
147.429
143.824
137.5
136.364
135
132.273
134.286
132.857
131.429
127.317
152.658
151.139
150.769
150.75
156.456
155.122
153
151.139
149.62
150.38
150.38
131.538
136.25
134.634
134.634
132
130.244
129
124.615
126.154
132.766
133.5
136.5
135
135
132.632
127.895
127.692
135
132.308
134.211
129.474
126.316
121.622
163.5
159.286
154.815
153
152.25
149.61
156
159.036
153.75
133.75
133.5
136.5
131.739
132
133.5
133.846
131.053
129.474
123.243
125
129.13
132.632
135.385
133.846
127.895
129.474
121.622
121.622
172.5
161.205
155.844
151.538
164.444
160.482
152.658
151.538
152.658
129.13
129.73
128.571
130
129.474
168.14
164.819
155.385
151.948
139.048
140.488
150.698
139.5
139.2
164.8
166.329
154.648
151.268
151.538
153.333
151.463
150
151.139
148.861
148.421
149.167
146.364
150
147.945
149.189
147.5
147.042
145.352
145.97
136.596
136.744
138.14
136.744
132.857
128.571
129.767
127.317
148.462
150.769
148.462
153.507
155.122
150.75
148.889
150
148.462
150.38
129.231
133.75
136.098
134.634
132.308
132.308
129.474
128.78
130.244
133.75
135
133.5
132.308
129.474
126.316
127.692
129.231
133.5
132.632
128.571
132.632
127.692
124.737
161.205
158.049
152.25
152.25
151.538
151.899
150.789
153.6
156.145
151.5
148.889
131.02
134.211
133.5
132.766
132.632
132
132.632
128.571
129.474
124.865
126.316
133.333
134.211
129.231
129.474
125
126.486
126.316
126.486
167.045
160.714
155.385
147.632
153
160
159.759
152.308
149.61
150.769
130.667
129.73
126.667
126.486
129.474
162.651
161.928
155.526
150.789
152.308
138.947
138.571
146.512
138.667
144.407
158.824
163.2
154.286
149.577
148.696
128.78
159.556
162.254
161.739
151.169
153.267
142.642
158.824
161.439
163.521
165.417
165.315
156.207
157.565
163.521
162.353
156.885
144.828
144.828
147.073
148.537
142.222
142.642
142.623
141.6
142.642
166.154
167.5
167.755
167.517
156.923
158.667
161.439
164.255
166.154
165.833
164.476
146.866
146.571
142.373
151.546
152.778
141.818
141.818
138.462
144.167
142.909
142.222
142.222
139.048
139.355
140
141.176
138.947
138.621
141.923
138.889
139.655
156.641
157.164
158.222
158.824
162.734
166.479
168.904
169.459
167.919
166.122
154.872
153.204
156.102
158.824
159.416
159.699
158.222
142.5
141.429
141.429
147.342
147.75
141.818
141.818
140
139.048
139.615
140.769
141.923
138.689
140.769
140.4
136.071
136.842
140.4
142.353
137.143
133.091
39.0698
144.658
158.06
160
164.571
170.417
173.514
173.2
171.258
168.636
155.789
139
156.667
158.507
159.556
163.597
168.333
172.245
172
170.738
167.432
166.714
143
141.818
138.462
140.769
139.672
136.271
139.615
141.509
136.552
138.824
138.824
137.308
137.288
137.586
137.647
139.2
139.2
136.842
136.552
137.5
138.75
136.071
76.6667
45
123.243
156.885
160.889
164.892
171.781
175.2
175.714
172.969
151.579
42.2222
136.364
137.143
135.294
136.471
136.071
136.071
136.471
136.8
138.824
135.789
135
139.2
139.2
136.071
129.057
80
159.5
165.857
173.514
179.226
175.325
115.385
36
137.143
161.471
165.429
172.552
176.493
133.043
137.143
139.2
134.182
138.367
37.5
158.873
151.429
36.9231
36.3158
124
166.26
172.286
173.115
72
35.1724
34.2857
47.1429
158.23
158.74
158.74
159.194
159.677
160.976
163.68
167.903
168.75
153.818
150.833
148.286
146.087
148.696
148.696
149.565
151.714
153.803
149.268
147.188
144.375
142.857
145.312
145.846
147.692
147.761
149.552
142.5
145.161
144.762
142.857
142.857
143.81
144.375
145.846
148.182
135.385
146.557
144.762
143.81
142.857
143.438
143.438
147.692
148.182
132.308
144.762
144.762
143.81
143.81
141.905
143.81
143.81
146.25
134.634
143.607
145.161
144.194
144.194
143.81
142.857
140.952
145.161
140.727
143.793
144.407
118
144.59
145.161
144.194
142.857
144.194
