0.651786
0.666667
0.711538
0.733945
0.689655
0.721739
0.730435
0.747826
0.741379
0.730435
0.754386
0.764706
0.8
0.814433
0.804348
0.829545
0.827957
0.754902
0.706897
0.758621
0.813559
0.803279
0.819672
0.689655
0.75
0.745455
0.66087
0.700855
0.726496
0.721739
0.726496
0.730435
0.554545
0.45082
0.623932
0.649573
0.695652
0.713043
0.724138
0.724138
0.721739
0.690265
0.115789
0.815385
0.846154
0.794118
0.753623
0.126582
0.813559
0.793103
0.8
0.803279
0.786885
0.761905
0.0294118
0.685185
0.722222
0.767857
0.77193
0.77193
0.836066
0.705882
0.711538
0.735849
0.745455
0.76
0.701754
0.663793
0.694915
0.713043
0.695652
0.698276
0.713043
0.365385
0.754386
0.783333
0.754098
0.186667
0.727273
0.785714
0.8
0.779661
0.770492
0.6875
0.652174
0.716981
0.716981
0.759259
0.785714
0.77193
0.783333
0.786885
0.625
0.673469
0.74
0.759259
0.759259
0.678261
0.695652
0.710526
0.689655
0.672414
0.317308
0.692308
0.698276
0.713043
0.715517
0.766667
0.306452
0.745455
0.741379
0.745763
0.0634921
0.669565
0.634783
0.116505
0.675214
0.690265
0.681035
0.663793
0.116505
0.587719
0.608696
0.617391
0.608696
0.641026
0.637168
0.677966
0.70339
0.72381
0.738739
0.791045
0.779412
0.711864
0.711864
0.720339
0.754237
0.737288
0.752137
0.739496
0.821053
0.816327
0.83871
0.824176
0.821053
0.796296
0.709091
0.775862
0.816667
0.803279
0.822581
0.722222
0.759259
0.781818
0.716667
0.727273
0.716667
0.725
0.705882
0.729508
0.570175
0.564885
0.7
0.716667
0.705882
0.739496
0.714286
0.731092
0.681035
0.186275
0.846154
0.835821
0.830986
0.768116
0.0779221
0.767857
0.79661
0.819672
0.83871
0.822581
0.796875
0.402985
0.72
0.740741
0.763636
0.789474
0.810345
0.84127
0.692308
0.705882
0.769231
0.781818
0.792453
0.708333
0.491228
0.688525
0.699187
0.710744
0.7
0.716667
0.714286
0.708333
0.314286
0.847458
0.836066
0.806452
0.056338
0.821429
0.793103
0.816667
0.79661
0.786885
0.734375
0.745098
0.764706
0.767857
0.763636
0.779661
0.793103
0.766667
0.730769
0.72
0.74
0.759259
0.767857
0.793103
0.666667
0.669492
0.697479
0.7
0.680672
0.285714
0.694915
0.672414
0.705882
0.733333
0.444444
0.745455
0.77193
0.741379
0.25
0.669492
0.638655
0.12963
0.655462
0.661017
0.672269
0.663866
0.0306122
0.62931
0.646552
0.727273
0.736842
0.773585
0.770642
0.719298
0.73913
0.747826
0.756522
0.758621
0.780702
0.77193
0.752212
0.75
0.816092
0.817204
0.825581
0.833333
0.879121
0.857143
0.591837
0.7
0.705882
0.673077
0.705882
0.612245
0.632653
0.688889
0.747826
0.734513
0.725664
0.745614
0.743363
0.587156
0.445378
0.769231
0.735043
0.74359
0.77193
0.745614
0.738739
0.157895
0.759259
0.758621
0.79661
0.758065
0.166667
0.714286
0.673469
0.711538
0.716981
0.705882
0.679245
0.0735294
0.533333
0.630435
0.673469
0.673469
0.7
0.759259
0.511628
0.577778
0.630435
0.577778
0.622222
0.73913
0.734513
0.730435
0.747826
0.734513
0.357143
0.705882
0.692308
0.679245
0.178082
0.622222
0.617021
0.711538
0.716981
0.679245
0.131148
0.590909
0.666667
0.617021
0.645833
0.711538
0.692308
0.653846
0.2
0.5
0.571429
0.652174
0.673469
0.699115
0.699115
0.72807
0.719298
0.223404
0.720721
0.699115
0.73913
0.698113
0.135593
0.634615
0.62
0.66
0.0967742
0.702703
0.648649
0.707965
0.696429
0.6875
0.657658
0.690265
0.822034
0.808333
0.740741
0.793388
0.82906
0.831933
0.818182
0.786885
0.65
0.533333
0.698113
0.540541
0.5
0.462687
0.487179
0.818182
0.823529
0.826446
0.816667
0.825
0.811475
0.813008
0.85124
0.777778
0.836207
0.840336
0.831933
0.77686
0.766129
0.560976
0.604651
0.583333
0.616279
0.589744
0.513514
0.514286
0.486111
0.5
0.457143
0.5
0.5
0.526316
0.486111
0.846774
0.793388
0.801653
0.821138
0.756303
0.743802
0.756757
0.794872
0.809917
0.836066
0.827869
0.809917
0.803279
0.793388
0.770492
0.637931
0.583333
0.766355
0.595238
0.585366
0.513514
0.5
0.454545
0.527778
0.485714
0.479452
0.472973
0.527778
0.5
0.5
0.540541
0.513514
0.435484
0.618182
0.777778
0.816667
0.794872
0.808333
0.811475
0.813008
0.786885
0.775
0.719008
0.534483
0.642857
0.707865
0.816667
0.809917
0.7
0.463415
0.512195
0.5
0.538462
0.447368
0.512821
0.55814
0.472222
0.5
0.486842
0.527778
0.527778
0.465753
0.453333
0.512397
0.633929
0.756303
0.801653
0.786885
0.786885
0.790323
0.719008
0.228571
0.657343
0.419643
0.291667
0.760684
0.781513
0.8
0.788618
0.786885
0.780488
0.768595
0.601695
0.519084
0.416667
0.5
0.384615
0.461538
0.465116
0.473684
0.5
0.459459
0.486486
0.472222
0.472222
0.457143
0.514286
0.444444
0.585714
0.641791
0.148936
0.666667
0.766667
0.778689
0.752066
0.694215
0.113402
0.64539
0.25641
0.414634
0.473684
0.368421
0.432432
0.473684
0.5
0.647887
0.436975
0.576577
0.735537
0.638655
0.315315
0.617647
0.659722
0.270833
0.714286
0.764228
0.747967
0.289474
0.243243
0.627586
0.526316
0.64539
0.37931
0.343137
0.2
0.618056
0.369565
0.652482
0.633803
1
1
0.983871
1
1
1
1
1
0.993506
0.95302
0.987097
1
1
0.938053
1
1
1
1
1
1
1
0.994444
1
1
1
1
1
1
1
0.891892
0.931624
1
1
0.84466
0.833333
1
1
0.850467
1
0.889908
1
1
1
1
1
1
1
0.994565
1
1
1
1
1
1
1
1
0.993378
1
0.967742
1
1
0.826923
1
1
0.767677
0.8
0.773196
1
1
0.79
0.755102
1
1
0.825243
1
1
0.854369
0.977273
1
1
1
1
1
1
1
1
1
0.797546
0.98773
1
1
1
1
1
1
1
1
1
1
1
1
0.739583
0.739583
1
1
0.742268
0.739583
0.0373832
0.994444
1
1
1
1
1
0.98913
0.410448
0.325581
0.136364
0.746753
1
1
1
1
1
1
1
0.972678
0.137931
0.976378
1
1
1
1
1
1
1
1
1
1
0.694737
0.702128
1
1
1
0.83908
0.328244
0.309524
0.424242
0.977901
1
1
1
0.994565
0.551724
0.340909
0.983051
1
1
1
1
1
1
0.385185
0.0630631
0.9375
1
0.944444
0.158333
0.353846
0.397059
0.717949
1
1
0.981651
0.972727
0.991304
0.357664
0.115702
0.253846
0.373134
0.0353982
0.815476
0.348148
0.330882
0.5375
0.375
0.372263
0.968421
0.989583
1
0.978261
1
1
0.957447
0.969388
0.978947
0.96
0.946237
0.946237
0.979167
0.989362
0.969388
1
1
1
0.96875
0.98913
0.967213
0.964912
0.987179
0.966102
0.973684
0.792793
0.852941
0.914894
0.956989
0.979381
0.959184
0.936842
0.9375
0.959459
0.962963
0.959596
0.983871
1
1
0.982143
0.982143
1
0.962963
0.964912
0.987342
0.962963
0.985915
1
0.969231
0.696629
0.792079
0.851485
0.914894
0.967742
0.957447
0.928571
0.958333
0.928571
0.930693
0.892857
0.876289
0.91
0.908163
0.969072
0.969072
0.957895
0.927083
0.9375
0.983871
0.983333
1
0.983871
0.983051
0.965517
0.963636
0.964286
0.982456
0.981818
0.982143
1
0.961538
0.944444
0.988506
0.901961
0.989247
0.978022
0.94898
0.931373
0.928571
0.688172
0.267442
0.361111
0.402985
0.775701
0.851485
0.947917
0.946237
0.958763
0.949495
0.94898
0.929293
0.929293
0.676923
0.910448
0.827586
0.963636
0.966667
0.966667
0.964286
0.964286
0.962963
0.964286
0.928571
0.962963
0.962963
0.959184
0.962264
0.981132
0.262821
0.878788
0.96
1
0.959596
0.959596
0.90099
0.625
0.380531
0.977012
1
0.811321
0.947368
0.636364
0.923077
0.877193
0.64
0.923077
0.944444
1
0.923077
0.959184
0.460317
0.243421
0.926606
0.971963
0.783505
0.308219
0.696429
0.921569
0.622642
0.925926
0.294118
0.979167
0.978947
0.987013
0.977273
1
0.985075
0.95
0.990099
0.958763
0.969388
0.938776
0.957447
0.958763
0.979167
0.978947
0.957895
1
1
1
1
0.943396
1
0.987179
0.964912
0.973684
0.741071
0.830189
0.948454
0.969697
0.969388
0.959184
0.959596
0.957447
0.96
0.963855
1
0.983607
0.982759
0.982759
0.960784
0.962264
0.966102
0.942308
0.964912
0.974684
0.962264
0.985915
1
0.985075
0.652174
0.843137
0.828283
0.936842
0.959184
0.969697
0.949495
0.969697
0.919192
0.904762
0.853659
0.864583
0.883495
0.94898
0.969388
0.969388
0.979592
0.979381
0.938144
0.967213
0.984127
0.983607
0.981481
0.965517
0.982456
0.981818
0.962264
1
0.94
0.941176
0.960784
0.962963
1
0.986842
0.93617
0.985714
0.95
0.913462
0.929293
0.9375
0.876289
0.731959
0.52459
0.554054
0.9
0.95
0.947917
0.94898
0.938776
0.949495
0.89899
0.92
0.71875
0.936508
0.945455
0.965517
0.982759
0.964286
0.963636
1
0.946429
0.966102
0.961538
0.948276
0.941176
1
0.944444
0.961538
0.979798
0.958763
0.938776
0.938776
0.9
0.586207
0.354545
0.882353
0.839286
0.945455
0.684211
0.964912
0.949153
0.648148
0.943396
0.946429
0.942308
0.944444
0.965517
0.712871
0.439394
0.282895
0.912621
0.917526
0.969388
0.8
0.846154
0.298013
0.770833
0.892857
0.784314
0.925926
0.965517
