0.826923
0.839623
0.807692
0.819048
0.850467
0.839623
0.755556
0.771739
0.848485
0.867347
0.727273
0.84507
0.855263
0.773585
0.835821
0.820755
0.811321
0.744898
0.76699
0.841121
0.841121
0.841121
0.831776
0.75
0.698413
0.892857
0.878049
0.769231
0.75
0.873239
0.864865
0.853333
0.764706
0.784314
0.84058
0.84507
0.823529
0.820895
0.916667
0.728814
0.718447
0.730769
0.813084
0.82243
0.82243
0.787037
0.666667
0.678161
0.921348
0.851064
0.872093
0.803571
0.740741
0.897436
0.886076
0.754717
0.75
0.88
0.88
0.873418
0.803922
0.764706
0.84507
0.863014
0.878378
0.8
0.833333
0.871429
0.875
0.875
0.820895
0.873239
0.566038
0.481132
0.712766
0.738318
0.715686
0.779661
0.741379
0.860759
0.886076
0.833333
0.833333
0.871795
0.886076
0.851852
0.830189
0.88
0.857143
0.873418
0.807692
0.823529
0.863014
0.851351
0.807692
0.86
0.863014
0.863014
0.875
0.875
0.842857
0.859155
0.90411
0.845238
0.821429
0.839506
0.822785
0.824561
0.814815
0.873418
0.848101
0.888889
0.792453
0.842105
0.858974
0.8375
0.807692
0.823529
0.855263
0.857143
0.84
0.862745
0.868421
0.855263
0.846154
0.849057
0.844156
0.820513
0.75
0.8
0.807692
0.794872
0.843137
0.847619
0.794118
0.817308
0.849057
0.850467
0.729412
0.766667
0.845361
0.875
0.777778
0.745455
0.84507
0.891892
0.792453
0.867647
0.811321
0.757576
0.764706
0.839623
0.859813
0.830189
0.813084
0.7
0.693548
0.891566
0.8875
0.788462
0.784314
0.859155
0.875
0.878378
0.78
0.823529
0.838235
0.871429
0.82
0.833333
0.86
0.722772
0.761905
0.819048
0.811321
0.813084
0.792453
0.803738
0.682353
0.696203
0.860465
0.864583
0.875
0.777778
0.788462
0.868421
0.871795
0.846154
0.846154
0.861111
0.88
0.88
0.807692
0.78
0.803922
0.855072
0.873239
0.875
0.836735
0.857143
0.838235
0.871429
0.875
0.772727
0.842857
0.8
0.69
0.803571
0.875
0.864198
0.822785
0.849057
0.811321
0.857143
0.871795
0.849057
0.826923
0.853333
0.868421
0.860759
0.78
0.784314
0.863014
0.876712
0.88
0.86
0.873239
0.875
0.875
0.895833
0.811594
0.842857
0.859155
0.818182
0.85
0.85
0.830189
0.860759
0.860759
0.826923
0.72
0.857143
0.857143
0.844156
0.784314
0.74
0.853333
0.842105
0.836735
0.857143
0.861111
0.864865
0.888889
0.857143
0.849057
0.831169
0.831169
0.784314
0.803922
0.828947
0.844156
0.8
0.82
0.846154
0.833333
0.882883
0.882883
0.877358
0.871287
0.822581
0.851852
0.862385
0.880734
0.881818
0.890909
0.864865
0.842697
0.857143
0.86747
0.851351
0.881356
0.846154
0.846154
0.823529
0.792453
0.86
0.857143
0.575758
0.699029
0.844037
0.872727
0.836364
0.855856
0.846847
0.81982
0.837838
0.62766
0.815534
0.841121
0.862385
0.863636
0.864865
0.864865
0.837838
0.836364
0.75
0.785714
0.810345
0.821429
0.865385
0.862745
0.882353
0.86
0.86
0.9
0.857143
0.84
0.877551
0.92
0.903846
0.918367
0.918367
0.867925
0.839286
0.61165
0.814815
0.816514
0.834862
0.827273
0.837838
0.845455
0.857143
0.816514
0.865385
0.865385
0.92
0.9
0.88
0.9
0.877551
0.9
0.88
0.836735
0.895833
0.857143
0.875
0.916667
0.9375
0.895833
0.897959
0.918367
0.897959
0.923077
0.770642
0.807339
0.818182
0.810811
0.79646
0.807339
0.828829
0.836364
0.830357
0.823009
0.897959
0.958333
0.938776
0.918367
0.897959
0.9375
0.93617
0.916667
0.916667
0.897959
0.916667
0.776786
0.6875
0.651786
0.763636
0.8
0.810811
0.803571
0.958333
0.978723
0.715596
0.756757
0.776786
0.725664
0.925234
0.925926
0.932692
0.89899
0.807018
0.861111
0.90566
0.943396
0.934579
0.916667
0.917431
0.936937
0.86747
0.878378
0.9
0.871429
0.851852
0.8125
0.854167
0.854167
0.86
0.875
0.862745
0.819048
0.88785
0.897196
0.888889
0.898148
0.889908
0.881818
0.87156
0.641304
0.851485
0.895238
0.897196
0.907407
0.898148
0.899083
0.889908
0.9
0.826923
0.811321
0.818182
0.826923
0.8125
0.808511
0.829787
0.851064
0.914894
0.875
0.782609
0.893617
0.87234
0.893617
0.9
0.93617
0.914894
0.843137
0.793103
0.854545
0.862385
0.863636
0.807339
0.790476
0.869159
0.87963
0.87037
0.87037
0.880734
0.863636
0.836364
0.875
0.833333
0.882353
0.891304
0.87234
0.893617
0.869565
0.869565
0.87234
0.87234
0.891304
0.869565
0.804348
0.87234
0.913043
0.914894
0.934783
0.891304
0.93617
0.914894
0.88
0.627451
0.801887
0.842593
0.844037
0.853211
0.833333
0.834862
0.845455
0.606061
0.831776
0.830189
0.881818
0.87156
0.846847
0.854545
0.891304
0.893617
0.893617
0.893617
0.93617
0.829787
0.893617
0.893617
0.914894
0.914894
0.914894
0.934783
0.834862
0.807339
0.807339
0.703704
0.688073
0.811321
0.834862
0.834862
0.836364
0.814815
0.787037
0.788991
0.847826
0.893617
0.934783
0.754717
0.796296
0.805556
0.722222
0.509434
0.813084
0.825688
0.401961
0.726415
0.728972
0.622642
0.684685
1
0.979381
0.989691
1
0.989474
1
0.979381
1
1
1
1
0.984615
0.959184
0.949495
1
0.979381
0.989691
0.979592
1
0.987179
0.987654
0.989691
1
1
1
1
1
0.986842
1
0.986667
1
0.986111
0.881818
0.895238
0.92233
0.979381
0.979798
0.979381
0.979592
0.980198
0.93617
0.883495
0.939394
0.989691
0.989583
0.970297
0.96875
1
1
1
1
0.983871
1
1
1
1
1
0.983051
1
1
1
1
1
1
0.92
0.939394
0.980198
0.942857
0.93
0.707317
0.878788
0.961165
0.959596
0.979167
0.969072
0.959184
0.97
0.970297
0.930693
0.922078
0.986842
1
1
1
1
1
0.983607
1
0.983333
1
1
1
1
0.982759
1
1
0.285714
0.928571
0.978947
0.960784
0.767857
0.696429
0.979798
1
1
1
0.968254
0.984375
0.984127
1
1
0.84
1
1
1
1
1
0.675439
0.295302
0.275168
0.97
0.932039
0.481481
0.291667
0.766667
0.883333
0.968254
0.912281
0.983333
0.983333
1
0.983051
0.966667
0.614754
0.932039
0.813559
0.983333
1
1
1
0.988889
0.989362
0.989474
1
1
0.987342
1
0.986111
0.9375
0.958763
0.989583
0.96875
0.989583
0.989583
1
1
0.987342
0.979592
1
1
1
1
1
0.987013
1
0.986486
0.982456
1
0.88785
0.839623
0.957895
0.989583
0.979167
0.969388
0.979381
0.959184
0.955556
0.897959
0.98913
0.978947
0.96875
0.979381
0.989362
1
1
1
1
1
1
1
1
1
1
1
1
0.982759
0.982143
1
1
0.979381
0.95
0.892157
0.920792
0.609756
0.854167
0.893204
1
0.959184
0.989796
0.979592
0.959596
0.939394
0.957747
1
1
1
1
1
1
0.983333
1
1
0.966102
0.966667
0.982456
1
1
0.982143
0.982759
0.29927
0.969388
0.941176
0.787037
0.733333
0.984375
1
0.919355
0.984375
1
0.983607
0.983607
1
1
1
0.982759
1
0.894231
0.306667
0.261438
1
0.960396
0.695652
0.324675
0.8
0.919355
0.983871
0.885246
0.983333
1
1
1
1
0.898305
0.982143
0.989362
0.978723
0.989247
0.977273
0.98913
0.989362
1
1
0.987013
1
0.971014
0.947368
0.958333
0.978947
0.978947
0.978723
0.989474
1
0.986667
0.987342
1
1
1
1
1
0.986301
1
1
1
0.984615
0.82243
0.88
0.958333
0.968421
0.979167
0.968421
0.959184
0.979167
0.89011
0.887755
0.978723
0.979167
0.978495
0.968085
0.979167
0.989691
1
1
1
1
1
1
1
0.983051
0.949153
1
0.981818
0.981481
1
0.985714
0.947917
0.938776
0.941748
0.940594
0.6875
0.864583
0.932039
0.839623
0.96875
0.978947
0.947917
0.958763
0.969072
0.959184
0.918919
1
0.985915
0.96875
1
1
1
0.983051
1
0.983051
0.982456
1
0.982456
1
0.981481
1
0.963636
0.958333
0.938776
0.857143
0.672566
0.957447
0.968254
1
0.95082
1
1
1
1
1
0.982759
1
1
0.964912
0.287671
0.217687
0.930693
0.48062
0.253333
0.809524
0.883333
0.95082
0.852459
0.983051
1
0.775862
0.982759
1
1
1
0.989011
0.978947
1
1
1
0.989474
0.989583
0.969072
0.867925
1
1
1
1
1
1
1
0.933333
1
1
0.980583
0.932692
0.734375
0.923077
0.56
0.950495
0.862745
0.978022
0.820225
1
1
1
1
1
1
1
1
1
0.984848
1
1
1
1
0.985075
1
1
1
1
0.848485
0.912621
0.740741
1
0.831169
1
1
1
0.918919
0.985075
1
1
1
0.985714
1
1
1
1
1
1
0.984615
0.984615
1
1
1
0.842105
1
1
0.890411
1
1
1
1
0.890411
