0.774869
0.784211
0.769634
0.760638
0.811828
0.752632
0.786885
0.783784
0.752632
0.785714
0.788889
0.927711
0.918605
0.903409
0.806283
0.747368
0.783784
0.704301
0.852071
0.83815
0.817143
0.831461
0.814607
0.825581
0.825581
0.798851
0.798883
0.812865
0.794286
0.780347
0.839572
0.846561
0.743316
0.833333
0.83432
0.818713
0.84472
0.830303
0.827381
0.835294
0.802326
0.833333
0.840491
0.818182
0.814371
0.803468
0.83125
0.808642
0.791667
0.808511
0.904762
0.857143
0.858974
0.85443
0.85443
0.828025
0.802139
0.819672
0.746032
0.758065
0.763158
0.915663
0.753927
0.721053
0.825397
0.825397
0.911243
0.865497
0.84492
0.824468
0.819149
0.820106
0.918605
0.930636
0.84127
0.830688
0.901163
0.890173
0.793651
0.810811
0.81383
0.823529
0.817204
0.871508
0.827957
0.828877
0.835106
0.835106
0.915254
0.861702
0.867725
0.857895
0.830688
0.862857
0.897143
0.789474
0.824468
0.840426
0.857143
0.819149
0.824468
0.824468
0.895604
0.852632
0.863158
0.873684
0.877095
0.804233
0.86911
0.862434
0.974576
1
0.992188
1
1
1
1
1
0.973913
0.968504
1
1
1
1
1
1
1
1
1
1
1
1
1
1
1
1
1
1
1
1
1
0.893617
0.877551
0.835897
0.829016
0.791667
0.695187
0.725888
0.77551
0.889474
0.945355
0.910053
0.769608
0.762626
0.893048
0.870057
0.892216
0.867052
0.845714
0.846591
0.876471
0.854651
0.860465
0.949438
0.925532
0.762136
0.895062
0.871345
0.827586
0.886792
0.86747
0.852941
0.847059
0.878205
0.875
0.828221
0.836364
0.916201
0.937853
0.902597
0.932584
0.923497
0.922652
0.907104
0.845
0.909091
0.873626
0.894444
0.912568
0.893617
0.85
0.830846
0.81592
0.710145
0.796954
0.852041
0.832487
0.87234
0.858639
0.858639
0.860104
0.864583
0.852632
0.889474
0.874346
0.885417
0.898396
0.879581
0.905759
0.800995
0.768473
0.77451
0.861538
0.79703
0.8
0.682464
0.79902
0.802885
0.832487
0.901554
0.854922
0.829897
0.835052
0.864583
0.850515
0.852041
0.841837
0.852792
0.865285
0.884211
0.880829
0.845361
0.808081
0.743719
0.78392
0.821429
0.869792
0.917526
0.80402
0.760976
0.736585
0.764423
0.798077
0.845361
0.846154
0.843434
0.833333
0.84264
0.833333
0.809045
0.81407
0.852792
0.852041
0.719807
0.707317
0.736842
0.968
0.942623
0.942623
0.927419
0.975207
0.805556
0.847826
0.8125
0.771242
0.714286
0.932836
0.891304
0.654088
1
0.893333
0.729032
0.796178
0.857143
0.866667
0.860927
0.853846
0.847328
1
0.90411
0.844595
0.863014
0.877551
0.896552
0.927419
0.913386
0.905109
0.857143
0.865248
0.848276
0.894737
0.944882
0.904412
0.913669
0.7
0.821656
0.624114
0.658537
0.826923
0.7875
0.889655
0.884354
0.818182
0.868852
0.962687
0.864286
0.893617
0.901408
0.882759
1
0.882353
0.934959
0.87218
0.89781
0.854015
0.863309
0.908451
0.9
0.890625
0.857143
0.860294
0.901515
0.857143
0.748466
1
0.738562
0.528302
0.656442
0.818792
0.848684
0.583333
0.899281
0.869863
0.888158
0.903509
0.913669
0.898551
0.921986
0.894737
0.904348
0.88
0.875
0.885496
0.900763
0.878788
0.962687
0.877551
1
0.72028
0.992701
0.992958
1
0.891156
0.726115
0.724359
0.690323
0.90604
0.945578
0.898649
1
1
0.992958
1
1
0.482759
0.666667
0.698413
0.748387
0.95302
1
1
0.992754
0.588235
0.47191
0.543689
0.57377
0.531746
0.314961
0.682432
0.823944
0.802721
0.853333
0.913333
0.894737
0.910345
1
0.993007
0.979021
1
1
0.985507
1
1
0.991597
1
0.991453
0.859873
0.650685
0.836735
0.986111
0.986111
0.986014
0.992701
0.992701
0.992857
0.992806
1
1
1
0.992537
0.978417
0.992593
1
1
1
1
1
1
1
1
0.991228
0.99115
1
1
1
1
1
1
1
1
1
1
0.756757
0.96
0.951219
0.966667
0.896825
0.696774
0.827338
0.825175
0.777778
0.736196
0.851852
0.89781
0.662651
0.928105
0.912752
0.706667
0.845588
0.862319
0.851351
0.84106
0.892308
0.954198
0.894366
0.825175
0.863946
0.863014
0.876712
0.938356
0.926829
0.929688
0.919708
0.884892
0.901408
0.902098
0.9375
0.920635
0.911111
0.862319
0.785276
0.801282
0.686667
0.753165
0.759259
0.916667
0.858108
0.908333
0.91453
0.857143
0.893617
0.886525
0.895833
0.875862
0.915254
0.909836
0.94697
0.904412
0.868613
0.884892
0.914286
0.973913
0.92562
0.905512
0.870229
0.925926
0.902256
0.891667
0.726708
0.992857
0.699346
0.5625
0.709877
0.871622
0.823529
0.616667
0.715151
0.883117
0.938776
0.847682
0.956897
0.855072
0.898551
0.914286
0.931035
0.910714
0.971963
0.893443
0.906977
0.914729
0.89313
0.901515
0.887218
0.711656
0.622857
0.79085
0.992593
0.931973
0.786207
0.866197
0.992537
0.97931
0.921569
0.907143
0.826667
0.807947
0.832258
0.793103
0.931507
0.965517
0.902778
1
1
0.993056
0.985816
1
1
0.511364
0.633333
0.677419
0.797386
0.695122
0.979167
0.972603
0.986207
0.583333
0.461538
0.509804
0.566667
0.546875
0.389313
0.715232
0.765957
0.815068
0.865772
0.899329
0.895425
0.937931
0.986014
0.992958
1
1
0.992593
0.983871
0.991525
0.946903
0.769737
0.650685
0.958904
0.958042
0.985816
0.979167
0.978723
0.977941
0.985507
0.992857
0.992701
0.992537
0.992481
1
0.992424
1
1
0.992188
0.991935
1
1
1
1
1
0.991304
0.982301
1
1
1
0.962963
1
1
1
0.992063
1
1
1
1
0.99115
0.720779
0.968504
0.943548
0.951613
0.921875
1
0.718954
0.84507
0.816327
0.784314
0.740741
0.920863
0.935714
0.992908
0.895425
0.648148
0.778524
0.789474
0.864286
0.874172
0.876623
0.882353
0.878788
0.897638
0.910959
0.848276
0.838926
0.865772
0.873333
0.887417
0.896
0.860465
0.884892
0.887324
0.895105
0.868966
0.881579
0.913386
0.89781
0.829787
0.778481
0.836478
0.57971
0.811688
0.811321
0.790123
0.863014
0.86
0.862745
0.845528
0.884892
0.853147
0.874126
0.903448
0.849315
0.876033
0.913386
0.895522
0.884058
0.864286
0.879433
0.84507
0.854701
0.894309
0.891473
0.880597
0.874074
0.745342
0.979452
0.675676
0.543478
0.742138
0.911565
0.821656
0.547445
0.85443
0.84
0.863636
0.840336
0.907143
0.884058
0.878571
0.880282
0.819355
0.945946
0.956522
0.846154
0.852713
0.885496
0.857143
0.887218
0.875
0.827586
0.806452
1
0.960265
0.797297
0.985714
0.986014
0.75817
0.832215
0.817568
0.664557
0.748503
0.652174
0.895425
0.952703
0.912752
1
1
0.482759
0.668539
0.650406
0.641026
0.761006
0.651163
1
0.992481
1
1
0.977612
0.984615
0.511364
0.44086
0.538462
0.632
0.541353
0.369565
0.690789
0.95302
0.798658
0.817568
0.861842
0.888158
0.840237
0.945578
0.993289
0.97931
0.993103
1
1
1
1
0.991803
0.991597
1
1
0.883871
0.774834
0.832215
0.979592
0.97931
0.986207
0.992806
0.992701
1
0.992958
0.992908
1
1
1
0.992593
1
1
0.992366
1
1
1
1
1
1
1
1
1
1
0.985611
0.962121
1
1
1
1
1
1
1
0.991935
0.687898
0.976
0.95935
0.959016
0.920635
0.815068
0.828571
0.82069
0.75974
0.748466
0.925926
0.928571
0.648485
1
0.92
0.711538
0.809859
0.848921
0.872483
0.862745
0.814815
0.854962
0.922481
0.894366
0.855172
0.852349
0.837838
0.865772
0.852349
0.851562
0.9
0.884058
0.886525
0.873239
0.902098
0.922481
0.881481
0.906475
0.711656
0.821656
0.707483
0.746667
0.789809
0.769697
0.877551
0.846667
0.831169
0.893443
0.859375
0.879433
0.866197
0.839161
0.90411
0.87395
0.91129
0.903704
0.868613
0.891304
0.878571
0.880282
0.900826
0.891473
0.902985
0.896296
0.905983
0.859504
0.72956
0.733766
0.553398
0.695122
0.855263
0.818182
0.629921
0.829114
0.90604
0.875817
0.820513
0.838028
0.882353
0.884892
0.879433
0.876623
0.821429
0.884956
0.887097
0.859375
0.892308
0.870229
0.894737
0.881481
0.753165
0.715232
0.670807
0.805195
0.866667
0.795918
0.616162
0.874126
0.92517
1
0.986111
0.868421
0.827586
0.884354
0.710692
0.777778
0.615854
0.769231
0.972603
0.898649
0.992701
1
1
1
1
1
0.494949
0.672566
0.705357
0.896104
0.585526
0.983871
0.992063
0.517241
0.533333
0.47619
0.598361
0.523438
0.360902
0.696774
0.932886
0.795775
0.824324
0.86755
0.906667
0.966667
0.875
0.95302
0.986207
0.986207
1
1
1
0.983471
0.966387
0.942149
0.807692
0.686667
0.775362
0.97931
0.979167
0.985915
0.992754
0.985507
0.992908
0.992806
0.992701
0.992537
1
1
0.965986
1
1
0.992
1
1
1
1
1
0.991379
0.991228
1
1
0.992481
0.992308
1
0.992248
0.992126
0.992248
1
1
1
1
0.714286
0.97619
0.959677
0.95082
0.936508
0.741722
0.835714
0.849315
0.764706
0.7625
0.919118
0.913669
0.658683
0.946309
0.771084
0.74026
0.793103
0.864286
0.846667
0.852564
0.835294
0.869231
0.916031
0.908451
0.851351
0.82
0.864865
0.851351
0.926175
0.888889
0.921875
0.891304
0.880282
0.875
0.916667
0.824324
0.930233
0.888889
0.884058
0.834395
0.689189
0.828025
0.785276
0.835616
0.879195
0.796178
0.902439
0.9375
0.964539
0.886525
0.853147
0.881944
0.864865
0.909091
0.913386
0.91791
0.891304
0.855072
0.887324
0.909091
0.90678
0.870968
0.892308
0.879699
0.859259
0.902439
0.764331
0.986014
0.717949
0.578947
0.714286
0.879195
0.858065
0.686869
0.877551
0.871622
0.830189
0.923077
0.909091
0.905109
0.870504
0.901408
0.877193
0.894737
0.92623
0.906977
0.853846
0.878788
0.887218
0.905109
0.631902
0.688623
0.666667
0.798701
1
0.894737
0.72549
0.992754
0.986014
0.868056
0.857143
0.681818
0.7875
0.612903
0.992958
0.972789
0.931507
0.978571
1
1
0.963235
1
0.450549
0.704
0.59292
0.83125
0.643478
0.993056
1
1
0.978571
1
0.992366
0.992126
0.534884
0.461538
0.560748
0.536585
0.451613
0.40458
0.736842
0.959459
0.797297
0.824324
0.886667
0.92
0.867925
0.979021
0.919255
0.993103
0.993007
1
0.979021
0.985611
0.992063
0.97561
1
0.982906
0.71875
0.671233
0.680272
0.88961
0.966216
0.972603
0.979021
1
0.985401
1
0.992908
0.992857
0.992701
1
1
0.992537
0.959459
1
0.992366
1
1
1
1
0.992248
1
0.991525
0.99115
0.991228
1
1
0.992481
1
0.977612
1
1
1
0.992424
1
1
1
0.984
1
0.913386
0.937008
0.984
0.945736
0.842466
0.817568
0.700599
0.867133
1
0.830986
0.833333
0.664671
1
0.791946
0.726708
0.902256
0.910448
0.940298
0.810458
0.743902
0.815287
0.945736
0.914062
0.878571
0.823899
0.920635
0.861314
0.894737
0.978873
1
1
0.929078
1
0.802721
0.848276
0.863309
1
0.804878
0.714286
0.910448
0.886364
0.930769
0.826923
0.816456
0.882812
0.937008
0.960938
0.870748
0.819355
0.816993
0.901639
0.910569
0.898551
0.824675
0.898305
0.870229
0.805369
0.917355
0.521212
1
0.905405
0.681529
0.850649
0.81875
0.715976
0.902256
0.875912
0.905109
0.798742
0.820988
0.9
0.916667
0.907692
0.823899
0.836601
0.896825
0.904
0.842105
0.801324
0.770701
0.859504
0.875
0.796053
0.780645
0.918919
0.946429
0.908397
0.851351
0.475248
0.552846
0.852564
0.686047
0.950704
0.777108
0.716867
0.898438
0.984
0.803797
0.891473
0.913386
0.937984
0.826923
0.8
0.912698
0.926829
0.912
0.938596
0.835443
0.842105
0.940171
0.905983
0.90678
0.801324
0.855856
0.853211
0.51
0.729927
0.607407
0.714286
0.966216
0.773585
0.934641
0.88125
0.819876
0.858974
0.773585
0.807692
0.895105
0.966667
0.933884
0.820513
0.832258
0.742857
0.972973
0.910714
0.929204
0.825503
0.52809
0.54902
0.542373
0.669065
0.790541
0.757353
0.489796
0.878205
0.935065
1
0.965517
0.979866
0.986577
0.780645
0.660606
0.854305
0.701389
0.261438
0.587629
0.507692
0.479167
0.545455
0.51
0.791139
0.855346
0.918239
0.931973
0.952381
0.967105
0.992857
1
0.992908
0.993197
1
0.966942
0.983471
1
0.275641
0.269231
0.301282
0.251799
0.559006
0.63125
0.727273
0.707792
0.96129
1
0.992908
0.985816
0.98
0.986395
0.985185
1
0.992424
0.993103
1
1
0.983193
1
0.992126
1
1
0.991803
0.991597
1
0.248366
0.947712
0.959732
0.972222
0.986667
0.993056
1
1
0.993007
1
1
1
1
1
1
1
1
1
0.991803
0.992806
1
1
1
1
0.99187
