113.898
115.385
118.475
120
119.496
118.5
119
118.033
95.9091
114.359
115.789
116.842
117.818
117.222
114.953
116
114.34
94.8214
103
105.763
106.316
105.263
106.316
105.517
104.262
88.4615
116.585
96.6412
113.846
115.424
118.983
119.496
119
118.017
118.5
118.033
95.9091
99.2727
103.636
103.636
103.333
103.636
103.929
103.729
84.1463
94.9091
97.7778
101.111
102.222
103.019
102.545
101.786
101.379
88.8
96.6667
99.6226
102.222
103.333
102.222
101.455
100
96.3636
112.437
115.932
118.487
118
113.607
113.554
116.529
116.557
99.8473
111.864
115.932
118.992
119
117.521
97.0909
99.6226
102.222
103.636
103.636
101.786
100.678
89.1892
96
98.8889
99.6226
102.545
102.857
101.053
99
86.8421
114.915
116.975
117.5
117.5
117.025
116.529
115.574
113.71
111.356
115.424
117.983
118
115.041
116.033
117.025
117.073
109.92
111.933
113.898
115.966
116.471
116
114.545
115.041
112.683
108.571
97.92
92.2314
101
99.5
100
100
101.311
100.488
97.1429
89.5455
108.403
110.42
113
113
112.562
112.066
113.115
110.806
55.4118
57.707
55.9259
56.5823
56.962
56.25
54.8781
54.7059
54.9701
112.821
114.872
117.966
120
119
118
118.5
117.541
94.2857
113.898
115.304
116.842
118.378
117.248
114.953
116
114.393
95.0443
101.538
102
105.763
106.552
106.552
105.263
106.552
104.262
91.5789
118.512
117.073
90
113.333
115.424
118.983
119.496
119
117.5
118.5
117.541
95.4545
94.2857
98.5714
103.636
103.636
103.636
103.636
103.158
101.695
84.4444
93.8182
98.1818
102.222
102.222
103.333
102.545
102.857
101.695
84.75
95.5556
99.6226
102.222
102.222
102.222
101.455
100.328
96.5625
111.864
115.932
118.487
118.017
113.171
113.607
116.529
116.585
103.256
112.881
115.932
118.5
119
117.521
115.041
116
102.105
97.0909
99.6226
102.222
102.222
102.545
101.786
100.678
88
96
97.7778
100
102.222
102.545
101.053
99
95.4545
117
117.983
117.5
117.5
117.025
117.025
116.098
107.717
111.356
114.915
118.487
118.017
114.545
115.537
117.541
117.073
107.244
110.847
114.454
115.966
115.966
116
114.59
115.082
112.742
108.571
109.231
94.1463
90.9524
98.3607
97.0732
98.0488
89.3023
92.5581
90.687
108.403
112.437
113
112.5
112.562
112.131
113.115
110.323
107.903
57.75
54.6108
56.2264
57.2903
55.2439
53.9286
55.0588
114.359
117.983
120
118.992
118.5
118.017
117.541
95.6391
114.359
115.826
116.842
117.838
117.248
114.393
115.429
114.953
96.4286
103.279
106.78
106.552
106.552
106.552
105.517
105.246
91.6216
118.512
116.585
90
113.333
115.424
118.475
118.992
119
117.521
118.512
117.541
96.3636
94.2857
98.5714
102.545
103.636
103.636
103.636
102.105
103
82.3256
94.2857
98.1818
101.111
102.222
103.333
103.636
101.786
100.678
89.6
97.0909
101.111
102.222
102.222
102.545
101.455
99.3443
91.2676
111.356
115.932
118.487
118.017
113.659
113.607
117.025
116.585
101.538
112.308
115.932
117.983
119
117.521
115.082
97.0909
100
102.222
102.222
102.545
101.786
100.678
91.6667
96
98.8889
100
102.545
102.545
102.105
100.328
89.589
114.407
117.983
118.5
117.5
117.025
116.557
115.574
110.88
111.864
115.424
117.983
118.5
115.537
115.537
117.541
116.585
107.143
110.847
114.454
115.462
115.966
116
114.59
115.082
112.742
109.048
111.429
92.16
93.1707
92.9032
94.08
97.7419
91.4062
89.313
95.5385
111.429
112
113
112.562
112.131
113.607
111.29
59.5946
55.2439
54.5783
55.3012
54.9091
54.0351
54
114.359
118.475
120
119.496
119
118.5
118.033
95.4545
113.276
115.263
116.842
117.838
117.248
115
115.429
114.953
97.6364
103
105.763
106.552
106.552
106.552
105.763
105.246
95.1429
117.073
88.6765
113.846
115.385
118.983
119.496
118.992
117.521
119
118.033
95.9091
94.9091
99.6429
102.545
103.333
103.636
103.636
102.857
104
92.5
94.2857
98.1818
102.222
103.333
103.333
102.545
101.786
101.695
85.8228
96.6667
101.111
102.222
102.222
102.545
102.857
100.328
91.6667
111.864
115.932
117.966
118
113.659
113.554
117.025
116.585
101.538
112.881
115.932
118.487
119
117.521
115.082
96.6667
101.111
102.222
102.222
102.545
101.786
100.678
86.4935
96
98.8889
101.111
102.222
102.857
102.414
100.328
86.1538
113.95
114.958
117.458
117.5
117.5
117.541
117.025
115.574
112.32
111.864
115.424
117.983
117.5
115.041
116.033
117.025
116.557
108.48
105.641
113.898
115.424
115.966
115.5
115.041
115.041
112.683
108.96
87.874
87.6562
92.64
91.4286
96.2903
88.3721
90.9231
90.9091
110.924
112
113
112.066
111.639
113.115
110.806
107.903
54.2857
54.5783
54.6429
54.9091
114.915
117.966
120
119
118.5
118.5
117.541
94.7368
111.176
115.826
116.814
118.378
117.798
115
116
114.953
95.0443
103
105.763
105.517
106.552
106.552
106.78
104.262
87.3418
116.098
90.4412
113.846
115.385
118.983
119.496
119
117.521
118.5
117.541
94.2857
94.2857
99.6429
102.857
103.636
103.636
103.929
104.211
104
92.5
91.6364
98.1818
101.111
103.333
103.333
103.636
102.857
101.695
86.9231
96.6667
101.111
102.222
103.333
102.222
102.105
101
91.2676
111.356
115.932
118.487
118.017
114.146
113.554
116.529
116.585
102.791
111.795
115.932
118.992
119.496
116.529
114.545
97.0909
100
102.222
102.545
102.857
102.105
100.678
87.2727
96
98.8889
101.111
102.222
102.857
101.053
100.328
93.5294
113.898
114.915
117.983
117.479
117.5
117.025
116.529
115.574
113.71
110.847
115.424
117.983
117.5
115.041
115.537
117.025
117.049
110.88
106.154
114.407
115.966
115.966
116
114.545
115.041
112.683
108.571
89.0476
81.3636
92.9032
95.6098
98.0488
93.0709
89.771
90.9091
97.4359
111.429
112.5
113
112.562
112.131
113.607
111.29
109.92
53.6095
54.9091
54.9398
54.9091
53.5714
54
114.872
117.966
120
118.992
118.5
118.5
118.033
94.0299
113.846
115.263
116.842
117.838
117.248
114.393
115.429
114.953
95.8929
103
105.763
107.586
106.552
106.552
105.763
104.262
93.6986
116.098
93.8346
113.846
115.424
118.983
119.496
119
117.5
119
117.541
95.4545
94.2857
99.6429
102.545
103.636
103.636
103.636
104.211
104
87.6923
98.1818
102.222
103.333
103.333
103.636
102.857
101.695
88.4211
97.0909
102.222
102.222
103.019
102.222
102.857
101
83.1325
110.847
115.424
118.487
118
113.607
113.554
117.025
116.066
102
111.282
115.932
118.487
119
117.521
115.082
102.105
97.0909
100
102.222
102.222
102.545
101.786
99.661
87.6316
96
98.8889
101.111
102.545
102.857
101.379
99.3443
87.9452
113.95
114.958
117.5
117.5
117.5
117.025
116.529
115.574
113.71
112.437
115.424
117.983
117.5
115.041
116.033
117.025
116.557
109.44
106.78
114.407
115.966
115.966
116
114.545
115.041
112.742
109.048
111.429
103.5
94.6341
92.64
94.56
99.8361
92.126
89.771
98.6047
111.429
112.5
113
112.066
112.623
113.115
111.29
67.7698
62.9167
54.9091
58.4106
56.2264
53.6095
54
114.915
118.475
120
118.487
117.983
118.5
118.033
97.7273
112.821
115.304
117.368
118.378
117.248
114.953
116
114.953
97.2973
103
106.78
107.797
106.552
106.552
106.78
104.262
90.7895
116.585
90
113.846
115.424
118.983
119.496
119
117
118.5
117.541
96.3636
99.6429
102.857
103.636
103.636
102.857
103.158
102.712
88.4211
98.1818
102.545
103.636
103.636
103.636
102.857
101.695
87.2727
98.1818
101.111
102.545
103.636
103.636
102.857
99.6774
98.4375
111.356
115.932
117.983
117.5
113.659
113.607
117.025
117.073
104.308
112.308
115.932
117.983
117.983
117.025
114.545
94.2857
96.6667
99.6226
102.222
103.636
102.545
102.105
99.661
85.8228
97.0909
98.8889
101.111
102.222
102.857
101.053
99
85.2632
111.429
114.407
117.983
117.983
118.017
117.049
116.529
115.082
112.32
111.429
115.424
118.487
117.5
115.082
116.033
117.541
116.557
105.827
108.814
114.407
116.471
115.966
116
115.082
115.082
112.742
109.048
90
91.68
96.3934
98.3607
98.0488
96.6667
93.75
89.0909
98.4615
111.429
112
112.5
112.131
112.623
113.115
110.323
109.268
55.9509
55.5556
56.2733
54.9091
53.8554
54.104
114.872
117.966
120
118.992
118.5
118.5
118.033
95.188
114.359
115.826
116.842
117.838
117.798
114.444
116
114.953
96.2162
104
107
106.552
107.586
106.552
106.78
105.246
92
116.585
96.5414
113.846
115.424
118.983
119.496
118.992
117.5
119
117.541
96.3636
95.7895
99.6429
102.545
103.636
103.636
103.636
104.211
103.729
91.2
95.7895
98.1818
101.111
102.222
103.333
102.545
101.786
101.695
87.6316
97.0909
101.111
102.222
102.222
102.222
101.786
100.328
96.3636
111.864
115.424
118.487
118.512
113.659
113.115
117.025
116.585
99.6923
111.795
115.424
118.487
119
117.025
115.537
61.2
95.5556
100
102.222
102.222
102.545
102.105
100.678
86.4935
96
98.8889
102.222
102.545
102.545
101.379
100.328
93.0435
113.445
114.915
117.983
117.983
117.5
116.529
116.529
116.098
114.194
111.356
115.424
117.983
117.5
114.545
115.537
117.025
117.073
109.44
109.831
113.95
115.424
115.966
116
114.545
115.041
112.683
109.048
104.762
84.6512
90
94.6341
98.6777
99.5122
94.7619
93.4884
106.772
108.305
111
111.933
112.5
112.066
112.623
113.115
110.323
108.96
55
55.9509
54.9091
55.9259
55.9006
54.104
114.407
117.966
120
118.992
119
119
118.033
95.6391
113.846
115.304
116.842
117.838
117.248
115
116
114.393
95.8929
103
105.763
106.552
106.316
106.552
106.78
104.262
91.2
116.098
90
113.846
115.932
118.983
119.496
118.487
117
119
118.033
97.2727
94.9091
98.5714
102.545
103.636
103.636
103.636
103.158
101.695
86.9231
94.2857
98.1818
101.111
102.222
103.333
102.545
101.786
101.695
87.2727
97.0909
99.6226
102.222
103.333
103.636
101.455
100.328
95.0769
111.356
115.424
117.966
117.5
113.607
113.607
117.025
116.585
102
112.308
115.932
118.992
118.5
116.529
114.545
60.4
97.0909
100
102.222
102.222
103.636
102.105
99.661
83.7037
96
98.8889
101.111
102.222
102.857
102.105
99
94.0299
117.983
117.983
117.5
116.529
117.025
115.082
112.32
110.847
114.407
117.983
117.5
115.041
116.033
117.541
116.557
106.772
110.256
113.898
115.932
115.966
115.5
114.545
115.041
112.683
109.524
109.231
115.932
83.3588
91.2
97.686
99.6694
99.8361
98.7097
91.6279
93.4351
103.59
111.5
112.5
112.5
112.066
112.066
113.115
111.29
107.903
55.2727
55.5828
56.9811
55.5556
54.5783
54.3529
114.915
117.966
120
119.496
118.5
118.5
117.541
96.0902
114.359
115.304
116.842
118.378
117.248
114.393
116
114.393
95.5752
102
105.763
106.552
106.552
106.552
106.78
105.246
96.8571
116.098
87.8261
113.846
115.424
118.475
119.496
118.992
117
118.5
117.541
92.6866
94.2857
98.5714
102.545
103.636
103.636
103.636
104.211
102.712
91.2329
94.2857
98.1818
101.111
102.222
102.222
102.545
102.857
101.695
86.4935
97.0909
100
102.222
102.222
102.545
102.105
99.3443
90.8571
111.282
115.424
117.983
117.5
113.607
113.607
117.025
116.585
103.256
112.308
115.932
117.983
119
118.017
115.574
97.0909
98.4906
101.111
102.222
102.545
102.105
100.678
89.1892
96
98.8889
100
102.222
102.857
101.053
99.3443
95.4545
112.881
115.424
117.983
117.983
117.5
117.025
116.529
115.082
111.429
111.864
115.966
117.983
117.5
115.041
116.529
117.025
116.585
108.48
101.849
106.154
114.407
115.966
116.471
115.5
114.545
114.545
112.683
109.048
86.5116
86.0465
87.874
99.6694
99.3443
95.2381
87.7273
93.6923
86.25
111.429
112.5
113
112.562
111.57
112.623
110.323
107.52
54.2857
54.6429
56.625
56.25
54
114.915
117.458
120
118.992
118.5
118.512
118.033
94.0299
114.872
115.826
116.842
117.838
117.248
115
116
114.393
94.5133
103
105.763
106.552
106.552
106.552
105.763
104.262
90.7895
116.098
90.4412
113.846
115.424
118.983
119.496
119
117.025
118.5
117.541
94.0299
94.2857
99.6429
102.545
103.636
103.636
102.857
104.211
103
91.6216
94.2857
98.1818
102.545
103.333
103.333
103.636
103.158
101.695
90
97.0909
100
102.222
103.636
103.636
102.105
101.695
88.3784
111.864
115.932
118.487
118.017
113.659
113.607
117.025
116.585
103.256
111.356
115.932
117.983
118
117.521
115.082
96
100
101.111
102.222
102.545
102.105
101
84
94.9091
98.8889
100
102.545
102.857
101.379
100.328
88
114.958
116.975
118
117.521
117.049
116.557
115.122
106.406
111.864
115.424
117.983
118
115.041
116.033
117.521
117.073
109.048
111.933
114.407
115.966
115.966
115.5
114.59
115.082
112.742
108.571
110.339
92.16
93.3871
94.8387
96.2903
96
94.4882
90.4615
104.286
106.891
112
113
112.562
111.639
112.131
113.115
110.323
108.871
57.0186
55.6364
54.5783
55.9756
54.9398
53.8554
114.359
115.385
117.966
120
119
119
118.512
118.033
94.4776
114.359
115.304
116.842
118.393
117.248
115
115.429
114.953
95.0443
103
105.763
106.78
106.552
106.552
105.763
105.246
91.2
118.033
117.073
90.4412
114.359
115.932
118.992
118.992
119
117.521
118.5
117.541
96.5414
95.7895
98.1818
102.857
103.636
104.727
105
104.211
102.712
91.2329
98.1818
102.545
102.222
103.333
103.636
102.857
100.678
86.5823
98.1818
101.111
102.222
103.333
103.636
99.3443
90.8571
110.847
115.424
118.487
118.017
114.098
113.607
117.025
116.585
101.538
111.795
115.932
117.983
117.983
117.025
115.041
94.2857
97.0909
99.6226
101.111
103.636
103.636
102.105
100.678
86.1538
96
98.8889
101.111
102.545
102.857
101.053
100.328
88.7671
114.407
118
118
117.5
117.025
116.557
115.61
106.299
110.924
114.915
117.983
118.017
115.041
116.033
117.541
116.585
109.048
109.831
113.898
115.966
116.471
116
115.082
115.082
112.742
108
86.25
92.64
102.645
99.1736
99.5122
100.976
92.8125
90.9231
105.128
111.429
112.5
113
112.066
112.131
113.607
110.88
55.2727
54.6108
56.9231
56.2733
55.5828
55.5556
55.0588
114.872
118.475
120
119
118.5
118.5
118.033
96.0902
114.828
115.826
116.842
117.857
117.248
115
116
114.953
94.5133
95.7895
103
106.78
106.552
106.552
105.517
106.78
105.246
94.1667
115.574
95.7252
113.846
115.385
118.983
118.992
118.992
117.5
118.5
117.541
94.2857
95.3571
99.6429
103.636
103.636
103.636
103.636
104.211
103.729
90.8108
94.9091
98.1818
101.111
102.222
103.333
103.636
103.158
101.695
86.1538
96.6667
99.6226
102.222
103.333
102.222
101.786
100
91.2676
111.356
115.932
117.983
118
114.146
113.554
117.025
116.585
102.326
111.795
115.932
118.992
117.983
117
114.545
94.9091
95.5556
98.4906
102.222
103.333
103.636
102.105
100.678
85.0633
96
98.8889
100
102.222
102.857
101.053
99
84.4444
113.898
115.424
116.949
118
118
117.025
116.529
115.574
113.226
111.429
115.424
117.983
118
115.537
116.033
117.521
116.557
108.095
99.2727
109.831
113.898
115.932
115.966
116
114.545
115.041
112.742
109.048
100.661
99.5
96.3934
92.64
98.5366
94.7619
92.093
92.9771
106.271
110.924
112.5
112.5
112.562
112.131
113.115
112.258
56.0241
58.4416
56.6038
54.9091
54.9701
55.2439
53.9286
114.872
117.966
120
119.496
118.487
118.5
118.033
95.9091
114.359
115.789
117.368
117.838
117.798
114.953
115.429
114.906
98.7273
103
105.763
106.552
107.586
106.552
105.763
105.246
92.4324
115.61
87.1533
114.359
115.385
119.492
119.496
118.992
117.5
119
117.541
97.5573
94.9091
99.6429
102.545
103.636
104.444
105
104.211
102.712
90.411
94.2857
98.1818
102.545
103.333
103.333
103.636
102.857
101.695
90
97.0909
101.111
102.222
102.222
102.545
101.455
100.328
92.6471
111.795
115.932
118.475
118.5
113.607
113.058
116.529
116.585
105.354
112.373
115.932
118.992
119.496
117.025
115
102.222
96
99.6226
102.222
102.222
103.636
101.786
100.345
87.6316
96
98.8889
100
102.545
102.857
102.105
99
83.7037
113.898
115.424
117.479
117.983
117.5
116.529
116.529
115.574
106.299
110.847
115.424
118.487
118
115.041
116.033
117.025
116.557
109.048
110.42
113.898
115.462
115.966
116
114.545
114.545
112.683
109.048
93.871
85.5814
102
99.6694
99.8361
96.96
89.313
90.9091
100.678
110.42
111.933
113
112.066
112.066
113.115
111.29
56.6871
60.8163
54.9091
56.9231
56.625
55.528
53.9645
114.359
115.385
117.949
120
119.496
118.487
119
118.033
95.188
114.359
115.826
116.842
118.378
117.248
115
116
114.953
95.8929
103
106.78
106.552
106.552
105.263
105.517
105.246
90.8108
118.033
116.066
99.6923
112.759
115.385
118.983
119.496
118.992
117.5
118.5
118.033
94.7368
98.5714
103.929
103.636
104.727
103.636
102.857
102.712
91.2329
92.2222
98.1818
101.111
102.222
103.333
103.636
102.857
101.695
88.8
96.6667
99.6226
102.222
102.222
103.636
102.105
100.328
80.2247
111.864
115.424
117.983
118
113.607
113.554
117.025
116.557
104.531
111.795
115.932
118.992
119
117.5
115.082
97.0909
98.4906
101.111
103.333
102.545
102.105
100.678
92.1127
96
98.8889
101.111
102.222
102.545
101.053
100
95.4545
113.39
115.966
117.479
117.983
117.5
116.529
116.529
115.574
113.71
111.864
115.424
117.983
117.5
115.041
115.537
117.521
116.557
110.323
111.864
114.407
115.966
116.471
115.5
114.545
115.041
112.683
109.048
105.238
98.3193
94.3548
96.8852
100.661
99.6694
96.7742
96.1905
88.855
90.687
107.288
110.924
112
112.5
112.066
112.131
113.607
110.323
56.6667
56.2963
56.6038
56.962
54.9398
53.8922
54.3529
111.724
114.872
117.966
120
118.992
119
119
118.033
95.9091
114.359
115.304
116.842
117.838
117.248
114.953
115.429
114.34
96.7568
95.7895
103
105.763
106.552
106.316
106.316
106.552
105
92
115
115.537
115.61
97.8947
113.333
115.424
118.983
119.496
118.992
117.521
118.5
117.541
95.188
99.6429
102.545
103.636
103.636
103.636
104.211
103.729
91.2329
93.8182
98.1818
101.111
103.333
103.333
102.545
101.786
101.695
90
98.8889
101.111
102.222
102.222
102.545
100.714
100.328
90.4225
111.356
115.932
118.487
118
113.607
113.554
117.025
116.066
101.077
111.795
115.932
118.992
118.5
116.033
115
94.2857
96.6667
100
102.222
103.333
102.545
102.105
100.678
88.3784
96
97.7778
99.6226
102.222
102.857
101.379
100.328
93.5294
110.847
113.898
116.949
117.5
117.5
117.025
117.025
115.574
103.937
110.339
115.424
117.983
117
115.041
115.537
117.025
116.557
108.48
109.744
114.407
115.966
115.966
116
114.545
115.041
112.742
109.048
95.6098
89.2913
95.6098
93.6
96.7742
96.6667
88.3969
88.209
102.564
110.924
112.5
113
112.066
111.57
113.115
111.774
57.6923
54.9398
54.9091
54.9701
54.2515
53.9286
53.9645
114.915
117.966
120
118.5
118.5
119.008
118.033
96.0902
113.036
115.304
116.842
118.378
117.798
114.444
116
114.953
95.8929
93.6842
103.279
105.763
105.517
106.552
105.517
106.78
105.246
91.2
118.033
116.098
90.6667
113.846
115.424
118.983
119.496
118.992
117.521
118.5
117.541
93.5821
94.2857
98.5714
102.857
103.636
103.636
102.857
104.211
103
91.6216
94.2857
99.2727
101.455
103.333
103.333
102.545
101.786
101.695
90.8108
98.8889
101.111
102.222
102.222
102.222
101.786
101
96.3636
110.256
115.424
118.487
118
113.659
113.607
116.529
116.585
102.326
112.308
115.424
118.487
118.5
117.025
115
96.4286
96
100
101.111
102.222
102.545
102.105
100
89.1892
96
98.8889
101.111
102.222
102.857
102.105
99.3443
83.4146
113.95
116.949
117.479
117.5
117.025
117.541
116.098
103.256
111.356
114.915
117.479
117.5
115.041
116.033
117.541
117.073
108.189
111.356
114.454
115.966
115.966
115.5
115.082
114.545
112.683
109.44
95.6098
92.16
93.871
94.08
91.9048
96.6667
92.3077
92.9771
105.763
111.5
112.5
112.066
112.131
111.639
113.115
109.839
108.871
55.9509
54.9701
54.9398
54.9701
54.2857
53.8554
54.3529
