0.989744
1
0.979695
0.994872
0.994819
0.96
1
1
1
1
1
0.994898
0.960591
1
0.995074
0.995
0.995
0.970732
0.995192
1
0.994709
0.995025
1
1
1
0.989796
1
1
0.994792
0.594937
1
0.985507
0.814607
0.945813
1
1
1
0.974619
0.99005
1
1
1
1
1
1
1
1
1
1
1
1
1
1
1
1
0.984772
0.99495
1
1
1
0.994872
1
1
0.994681
0.392308
0.78453
1
0.990291
0.700599
0.961353
1
0.965854
0.980099
0.975248
1
1
1
1
1
1
1
1
1
1
1
1
1
1
1
1
1
1
1
1
1
1
0.450382
0.401515
0.872449
0.990148
0.801105
0.582781
0.525926
1
0.860963
0.527778
1
0.943299
0.609272
1
1
1
1
1
0.994872
1
1
1
1
1
1
1
0.881188
0.557143
0.974874
0.995025
0.990431
0.980583
0.990148
0.612245
1
0.94898
0.625
1
1
0.994845
1
0.752874
0.880829
0.764045
0.636943
0.625806
0.929293
1
0.990385
0.975728
0.880952
0.995122
0.958115
0.618421
0.537415
0.557047
0.611842
0.75
0.854054
0.917098
1
1
1
0.995169
1
1
1
1
1
1
1
1
1
1
0.712644
0.793478
0.804348
1
1
1
1
1
1
1
1
1
1
1
1
1
1
0.994845
0.989744
0.989418
0.954315
1
1
1
0.994792
0.979381
1
0.989691
0.9799
0.970149
0.985148
1
0.994652
1
1
1
1
0.994845
1
1
0.989418
0.591837
1
0.875
0.965
1
1
0.974359
0.974747
1
1
1
1
1
1
1
1
1
1
1
1
1
1
1
1
1
1
1
1
0.994764
1
0.994152
0.989305
0.798883
0.98995
1
0.716049
0.530201
0.943878
1
0.989848
0.954545
1
1
1
1
1
1
1
1
1
1
1
1
1
1
1
1
1
1
1
1
0.488722
0.433071
0.875
1
0.822222
0.514706
0.462121
1
1
0.877778
0.583333
1
0.963351
0.605442
1
1
0.994845
0.737805
1
1
1
1
1
1
1
1
0.92
0.601351
1
0.990148
0.995
0.953368
0.574324
1
1
0.813559
0.710526
0.701299
0.746988
0.644295
0.953368
1
0.980099
0.964646
0.928934
0.935829
0.628378
0.748387
0.779874
0.766082
0.70625
0.782353
0.836158
0.901639
1
1
1
1
1
1
1
1
1
1
1
1
1
1
0.455224
0.5
1
1
1
1
1
1
1
1
1
1
1
1
1
1
0.986395
0.982456
0.986486
0.993056
1
0.9875
0.980892
0.987654
0.982036
0.971264
0.980392
0.987013
0.987654
0.982036
0.977528
0.91716
1
0.993671
0.988636
0.983051
0.994118
0.994012
0.994083
1
0.987179
0.988304
0.994286
1
0.976331
0.993333
0.993506
0.993976
0.965116
1
0.95977
0.94152
0.982659
0.958824
0.977528
0.988304
1
0.988095
0.987952
0.994118
0.988372
0.961538
0.99422
0.993976
0.993939
0.994048
1
0.993289
0.994083
0.994152
0.993939
0.98773
0.993976
1
0.993151
0.993827
0.987952
0.992908
1
0.988095
0.982353
0.977273
0.808219
1
0.993865
0.94152
0.982759
1
1
1
1
0.993789
1
0.993939
1
0.992537
1
0.993827
0.993789
1
1
0.993548
0.606061
0.857143
1
0.988439
0.928571
0.987805
1
0.988235
0.956284
0.977901
0.956204
0.993671
1
0.99359
0.99359
1
1
1
0.988095
1
1
0.98125
0.473684
0.81875
0.565217
0.752066
0.858156
0.97076
0.977528
0.976744
0.988235
0.982857
0.962963
0.986928
0.906977
0.993421
1
0.993197
0.993243
0.992647
0.992593
0.473118
0.645161
0.994048
0.868056
0.736434
0.744
0.854167
0.976048
0.957831
0.988304
0.994152
0.994152
0.988166
1
0.99422
0.987879
0.988024
0.886957
0.952
0.992908
1
0.203947
0.492308
0.733766
0.889571
0.958333
0.882716
0.994048
0.988095
1
1
0.993827
0.993789
1
0.993548
0.981366
0.731959
0.903226
0.855346
0.993939
0.993939
0.993865
0.988024
1
0.993939
1
1
0.986928
1
0.993827
0.993671
0.993711
0.974684
1
0.902299
0.973154
0.993007
0.993103
0.98773
0.974522
0.96875
0.936047
0.981707
0.971591
0.975
0.986755
0.967949
0.981132
0.981928
0.983051
0.933735
0.987654
0.993671
0.988372
0.988701
0.994118
0.994012
0.988235
0.974194
0.99359
0.994118
1
0.993939
1
1
0.99359
0.993976
0.908571
0.769737
0.977143
0.983051
0.935294
0.988701
0.993976
0.988024
0.988166
0.994186
0.993548
1
0.994253
0.993939
0.993902
0.994083
0.994186
0.979592
0.993243
0.994048
0.994152
0.993865
0.987654
0.993976
1
0.993151
0.993827
0.993902
1
0.993548
0.988024
0.982353
0.993939
0.982659
1
0.993902
1
0.994186
1
0.994012
0.982249
0.993711
0.993711
0.993976
0.994286
1
1
0.993902
0.987578
0.993333
0.993289
0.993631
0.650485
0.817518
0.994083
1
0.900709
0.962733
0.993902
0.966102
0.983333
0.91791
0.993671
0.987654
0.993548
0.987261
0.967532
1
0.994186
0.543478
0.702899
0.775
0.871622
0.965714
0.976608
0.965714
0.988439
0.96
0.944444
0.94964
0.980892
0.993506
0.930769
0.993378
0.978723
0.986577
0.993151
1
0.992537
0.590476
0.976048
0.859155
0.658333
0.777778
0.873239
0.94186
0.907407
0.994118
1
0.994118
0.988166
0.976744
0.988372
0.982036
0.993939
0.994012
1
1
0.831776
0.952756
0.992908
0.322368
0.514706
0.609929
0.521429
0.889571
0.946108
0.451128
0.994286
1
0.988024
1
0.988235
0.987654
0.99375
0.993865
0.9875
0.835052
0.774834
0.993976
0.994083
0.987879
1
1
1
0.99375
0.993197
0.993506
1
1
0.993865
0.993789
1
0.993711
1
0.980892
0.987013
1
1
1
0.988024
0.982036
0.964072
0.994186
1
0.982249
0.993789
0.968153
0.975904
0.982659
0.994253
0.977401
0.993902
0.993939
1
0.988304
0.988889
1
0.994186
1
0.993865
0.994048
0.994444
0.993865
0.994012
1
0.988166
1
0.973545
0.993976
0.994286
1
0.988827
0.983425
1
1
1
1
0.994186
0.994382
0.993631
0.99375
0.987578
0.994475
0.994413
0.994083
0.988636
1
0.993671
1
1
1
0.993421
0.993789
0.982659
0.971591
0.982857
1
1
0.972678
1
1
0.994536
0.993464
1
1
1
0.994253
0.993243
1
0.99359
1
1
1
0.994083
1
1
0.993151
0.993506
0.994152
1
0.987578
1
0.2
0.886792
1
0.852761
0.891026
0.981366
0.994118
0.994444
0.993902
1
0.965909
1
0.992806
1
0.994186
0.662722
0.27673
0.983051
0.926667
0.98
0.99435
1
0.980392
1
0.986014
1
0.914062
0.367647
1
0.994444
0.994382
1
1
0.978102
0.993197
0.559441
0.74026
0.666667
0.545455
0.705128
0.651899
0.56051
0.929412
0.994118
0.988636
0.994382
0.99435
1
0.994048
0.988439
1
0.987654
0.709877
0.899408
0.964706
0.773006
1
1
0.994152
0.988636
0.994444
0.99422
0.994152
0.994186
0.994286
1
0.994118
1
0.994048
0.993939
0.994152
1
1
0.99359
1
0.99375
1
1
1
1
1
0.982143
1
1
1
1
1
0.993902
1
0.987179
1
0.99375
1
1
1
1
1
1
1
1
1
1
1
1
1
1
1
1
1
0.994444
1
1
1
1
1
1
1
0.994792
1
1
1
1
1
1
1
1
1
1
1
1
1
1
1
1
1
1
1
0.993421
0.99435
0.994792
1
1
1
1
1
1
1
1
1
1
1
1
1
1
1
1
1
1
1
1
1
1
1
1
1
1
1
1
1
1
1
1
1
1
1
0.994872
1
1
1
1
1
1
1
1
1
1
1
1
1
1
1
1
1
1
1
1
1
1
1
1
1
0.994624
1
1
1
1
1
1
0.987179
1
1
1
1
0.992481
0.994382
1
1
1
1
1
0.989899
0.993151
1
1
1
1
1
1
0.994048
1
1
1
1
1
1
1
1
1
1
1
1
1
1
1
1
1
1
1
1
1
1
1
1
1
1
1
1
1
1
1
1
1
1
1
1
1
1
1
1
1
1
1
1
1
1
1
1
1
1
1
1
1
1
1
1
1
1
1
1
1
1
1
1
1
1
1
1
1
1
1
1
1
1
1
1
1
1
1
1
1
1
1
1
1
1
1
1
1
1
1
1
1
1
1
1
1
1
1
0.994444
1
1
1
1
1
1
1
1
1
1
1
1
1
1
1
1
1
1
1
1
1
1
1
1
1
1
0.994382
1
0.994764
1
1
1
1
1
1
1
1
1
1
1
1
1
1
1
1
1
1
1
1
1
1
1
1
1
1
1
1
1
1
1
1
0.994872
1
1
1
1
1
1
1
1
1
1
1
1
1
1
1
1
1
1
1
1
1
1
1
1
1
1
1
1
0.994624
1
1
1
1
1
1
1
1
1
1
0.993333
1
1
0.994253
1
1
1
1
1
0.992424
0.994048
1
1
1
1
1
1
1
1
0.993378
1
1
1
1
1
1
1
1
1
1
1
1
1
1
1
1
1
1
1
1
1
1
1
1
1
0.993151
1
1
1
1
1
1
1
1
1
1
1
1
1
1
1
1
1
1
1
1
1
1
1
1
1
1
1
1
1
1
1
1
1
1
1
1
1
1
1
1
1
1
1
1
1
1
1
1
1
1
1
1
1
1
1
1
1
0.993865
1
1
1
1
1
1
1
1
1
1
1
1
1
1
1
1
1
1
1
0.994253
1
1
1
1
1
1
1
0.99375
1
1
1
1
1
1
1
1
1
1
1
1
1
1
1
1
1
1
1
1
1
1
1
1
0.981707
0.993789
1
1
0.987805
1
1
1
1
1
1
1
1
1
1
1
1
1
1
1
1
1
1
1
1
1
1
1
1
1
1
1
1
1
0.994012
1
1
1
1
1
1
1
1
1
1
0.505263
0.555556
0.988024
0.948052
0.719008
0.962264
1
1
0.994012
0.946667
0.981928
1
1
1
0.993243
1
0.572816
0.960784
0.747826
0.959732
1
1
1
1
1
1
1
1
1
1
1
1
1
1
1
1
1
0.411765
0.466667
0.793651
0.576087
0.476744
0.591837
0.666667
0.616822
0.820312
0.856115
0.9875
0.966887
0.944056
0.960265
0.99359
0.980892
1
1
1
1
1
1
1
1
1
1
1
1
1
1
1
1
1
1
1
0.59
0.669811
1
1
1
1
1
1
1
1
1
1
1
1
1
1
1
1
1
1
1
1
1
1
1
1
1
1
1
1
1
1
1
1
1
1
1
1
1
1
0.986577
0.993103
1
1
1
0.992701
1
0.992908
1
1
1
0.976471
0.980392
0.979021
0.986301
0.987013
0.97931
0.979866
0.99359
1
1
1
1
1
1
0.910828
1
0.993976
0.97561
0.95092
0.986111
1
1
1
0.993902
0.970588
0.96319
0.993671
0.992908
1
1
0.987097
0.993421
1
1
1
1
1
1
1
1
1
1
1
1
1
1
1
0.955414
1
1
1
0.981595
1
1
1
1
1
1
1
1
1
1
1
0.993548
1
1
1
1
1
1
1
1
1
0.992308
1
1
1
0.292683
0.763359
0.921687
1
1
0.277108
0.761194
1
0.450549
0.870748
0.962025
0.980769
1
1
1
1
1
1
1
1
1
1
0.872727
0.90566
0.892617
0.779528
0.915152
0.915152
1
0.957055
0.987179
1
1
1
0.966887
0.986486
0.45679
0.986842
0.855072
0.663462
0.955975
1
1
1
1
1
1
1
1
1
1
0.2875
0.271605
0.430233
0.378049
0.406977
0.458824
0.261905
0.681035
0.901408
0.933333
0.830769
0.952703
0.954545
0.96875
1
1
1
1
1
1
1
1
1
1
1
1
1
1
1
1
1
1
1
0.325301
0.425287
0.681818
0.654206
0.945205
0.98
1
0.99359
1
1
1
1
1
1
1
1
1
1
1
1
1
1
1
1
1
1
1
1
1
1
0.788321
1
1
1
1
1
1
1
1
1
1
1
1
1
1
1
1
1
1
1
1
1
1
1
1
1
0.951515
0.985507
1
1
1
1
0.976471
0.993056
0.984962
1
1
1
1
0.982456
0.952381
0.986667
1
1
1
0.993711
0.994012
0.987952
1
0.971631
0.986111
1
1
1
0.993865
1
1
1
1
1
1
1
1
1
1
0.972973
0.982036
0.968553
0.961039
1
0.987952
0.987421
1
1
0.993789
1
1
1
1
1
1
0.987097
1
1
1
1
1
1
0.993289
1
1
1
1
1
1
1
1
1
0.93007
1
1
0.814815
0.966667
0.979866
1
1
1
0.987013
1
0.978873
1
1
1
1
0.987261
0.98
1
1
1
0.979021
0.986395
1
1
1
1
1
0.468085
0.53
1
0.80303
0.993464
1
0.878571
1
0.966887
1
1
0.973333
1
1
0.348837
0.37931
0.35
0.430233
0.582524
0.625
0.306818
0.638889
0.762295
0.923077
1
1
1
1
1
1
0.924138
1
1
0.965278
1
1
0.985611
1
1
0.266667
0.247059
0.272727
0.630252
0.875862
0.737705
0.768
0.843972
0.947368
0.883562
1
1
1
1
1
1
1
1
1
1
0.306818
0.290698
0.268293
0.979592
0.953947
1
1
1
1
1
1
1
1
1
1
1
1
1
1
1
1
1
1
1
1
1
1
1
1
1
0.953368
1
0.994536
0.959596
0.952128
0.894737
1
0.964467
0.975
0.97549
0.980296
1
0.85567
0.867725
0.943005
1
1
0.979275
0.994565
0.859375
0.961538
1
1
1
0.975155
1
1
0.974522
0.748718
0.959184
0.923858
0.722513
0.897959
1
0.964467
0.940887
0.871921
0.937173
0.989011
1
1
1
0.994413
1
1
1
1
0.99422
0.982857
1
1
1
1
1
0.949153
1
1
0.974026
1
0.97
0.831633
1
0.938462
0.907692
0.955
1
1
0.98895
1
1
1
1
1
0.988636
1
1
1
1
1
1
0.994152
1
1
1
1
1
0.987421
0.9625
0.887755
0.398734
0.294118
0.925
1
0.942105
0.834197
1
1
1
1
0.989071
1
1
1
1
1
1
1
1
0.994118
0.108696
0.942708
0.564972
0.275168
0.313726
0.716667
0.994792
0.990148
0.804233
0.539394
0.27451
1
1
1
1
1
1
1
0.977273
0.993827
1
0.283688
0.291667
0.296552
0.123188
0.180451
0.302817
0.147887
0.739796
0.420118
0.635359
1
1
0.985
0.964824
1
1
1
1
0.994048
0.976608
0.275862
0.407407
0.744565
0.9799
0.693989
0.790323
0.517647
1
1
1
1
1
1
1
1
1
1
1
1
1
0.280822
0.160839
0.179856
0.153846
0.92268
0.994792
1
1
1
1
1
1
1
1
1
1
1
1
1
1
1
1
1
1
1
1
1
1
1
1
0.994845
1
0.975845
1
1
1
1
0.995192
0.995238
1
0.970588
0.949495
0.958763
0.945652
0.95288
0.97449
0.974227
0.942408
0.989189
1
0.391304
1
1
1
0.99005
1
0.984456
0.989744
0.969849
1
1
1
0.920398
0.979592
1
0.80402
0.753695
0.989305
1
1
1
1
1
1
0.994413
0.510067
1
1
1
1
1
1
1
1
1
1
1
1
0.984772
1
0.97549
0.952381
0.935
1
1
0.945
0.879397
0.965174
0.845361
0.810256
1
1
0.960894
0.903955
1
1
1
1
1
0.982558
0.795181
1
1
1
1
1
1
1
0.861446
1
0.677966
1
0.979695
0.848958
0.575758
0.97449
0.951219
1
0.886699
0.980099
0.989583
0.939891
0.949438
1
0.948571
0.815476
1
1
1
1
1
0.970588
0.812121
1
0.929293
0.897436
1
1
0.960396
0.98
0.989796
1
1
1
1
0.994764
1
0.230769
1
0.625731
0.702247
1
0.959596
0.974619
1
1
1
1
1
1
1
1
1
1
0.300699
0.284722
0.133333
0.767956
0.147059
0.151079
0.355705
0.331126
0.825397
1
1
1
0.93
1
1
1
1
1
1
1
1
1
1
1
1
1
1
1
1
1
1
0.293706
0.286713
0.284722
0.277778
0.289655
0.222222
0.210526
0.360544
0.412903
0.761111
0.786885
0.546584
0.255034
0.984615
1
1
1
1
1
1
1
1
1
1
1
1
1
1
0.975369
1
1
1
1
1
1
0.995215
1
1
1
1
1
1
0.286713
0.479532
0.927835
1
1
1
1
1
1
1
1
1
1
1
1
1
1
1
1
1
1
1
1
1
1
1
1
1
1
1
1
1
1
1
1
1
1
1
1
1
