0.348837
0.351145
0.352
0.371901
0.4
0.377953
0.362963
0.34
0.494253
0.5
0.333333
0.356589
0.361538
0.351562
0.326389
0.444444
0.454545
0.480769
0.485149
0.411765
0.379562
0.463918
0.478723
0.5
0.478723
0.433962
0.477778
0.461538
0.445545
0.404959
0.361538
0.461538
0.419048
0.438095
0.361538
0.495146
0.386364
0.456897
0.430894
0.401575
0.422764
0.46729
0.469388
0.478261
0.505495
0.404959
0.406504
0.442105
0.494505
0.488889
0.478261
0.424528
0.390244
0.488889
0.477273
0.47191
0.42
0.322368
0.395161
0.442478
0.352113
0.408
0.436364
0.387097
0.448598
0.485149
0.480392
0.457944
0.41129
0.489362
0.48913
0.424779
0.466019
0.421053
0.426087
0.455446
0.429907
0.452632
0.478723
0.4
0.40678
0.445652
0.488889
0.471264
0.454545
0.411215
0.38983
0.344371
0.377778
0.310127
0.322368
0.47
0.489583
0.40625
0.489796
0.494505
0.505495
0.522727
0.505618
0.453704
0.45
0.403509
0.488372
0.412844
0.42268
0.392523
0.322148
0.387597
0.486239
0.504951
0.489583
0.494845
0.505618
0.478261
0.511905
0.47561
0.337662
0.406504
0.359712
0.385185
0.429752
0.5
0.494949
0.5
0.471698
0.472727
0.527473
0.534091
0.476636
0.468468
0.337931
0.445378
0.378788
0.385185
0.476636
0.462264
0.429825
0.526882
0.510638
0.480769
0.475728
0.464286
0.511111
0.505495
0.428571
0.392308
0.384
0.344595
0.390977
0.401575
0.409449
0.389313
0.430894
0.460177
0.47619
0.475728
0.5
0.436364
0.429825
0.541176
0.466019
0.462963
0.442478
0.377049
0.428571
0.425
0.379845
0.418033
0.495575
0.482143
0.435897
0.471698
0.470588
0.474747
0.516854
0.442478
0.481132
0.5
0.510638
0.566265
0.451327
0.455357
0.475728
0.516854
0.576923
0.387097
0.5
0.494949
0.522222
0.485149
0.510204
0.351145
0.346154
0.357143
0.352459
0.34507
0.395349
0.382812
0.368421
0.331169
0.5
0.506667
0.328859
0.365672
0.328244
0.340278
0.4375
0.458716
0.49505
0.5
0.421488
0.394161
0.479592
0.484211
0.489362
0.484211
0.443396
0.483146
0.473118
0.465347
0.406504
0.413043
0.419048
0.445545
0.353383
0.466667
0.474227
0.390977
0.452991
0.422764
0.414062
0.421488
0.439252
0.453608
0.494737
0.396694
0.385246
0.453608
0.472527
0.483146
0.461538
0.429907
0.377049
0.494505
0.477273
0.477778
0.436893
0.306667
0.412698
0.489362
0.306122
0.408
0.421488
0.395161
0.5
0.485981
0.466667
0.398374
0.489362
0.446429
0.456311
0.415929
0.412281
0.45098
0.433962
0.447917
0.396694
0.398305
0.442308
0.457447
0.488889
0.45977
0.47191
0.412844
0.38983
0.369128
0.330935
0.380952
0.278481
0.428571
0.349206
0.481132
0.494949
0.390244
0.490196
0.505376
0.516484
0.387097
0.516854
0.511111
0.444444
0.40678
0.414414
0.438776
0.407407
0.328859
0.377778
0.46281
0.485149
0.479167
0.46875
0.527473
0.487805
0.455696
0.380165
0.305195
0.34507
0.395161
0.364286
0.444444
0.423729
0.505263
0.49
0.504951
0.490566
0.516484
0.522222
0.366197
0.447368
0.390977
0.37594
0.526316
0.462264
0.457944
0.433628
0.51087
0.494737
0.504762
0.485981
0.516854
0.5
0.517857
0.401639
0.390977
0.393701
0.395522
0.395349
0.385827
0.408
0.418033
0.433628
0.458716
0.480769
0.525773
0.445455
0.443478
0.468468
0.452174
0.422764
0.423729
0.504348
0.41129
0.393939
0.404959
0.472727
0.463636
0.431034
0.466667
0.485714
0.48
0.539326
0.447368
0.476636
0.490196
0.520833
0.559524
0.45614
0.459459
0.471154
0.505495
0.576923
0.491228
0.464912
0.396947
0.509615
0.504854
0.51087
0.481132
0.504951
0.51087
0.393701
0.432292
0.42487
0.419192
0.420513
0.378947
0.382199
0.369792
0.351351
0.489362
0.487047
0.5
0.329545
0.383784
0.408163
0.38172
0.402778
0.418605
0.441341
0.45
0.418079
0.433121
0.411348
0.447853
0.450867
0.448864
0.44
0.440476
0.435294
0.432749
0.394595
0.494737
0.48913
0.440415
0.433155
0.43125
0.403315
0.42328
0.420213
0.423077
0.435583
0.43871
0.440678
0.416667
0.435065
0.442424
0.435583
0.432432
0.401575
0.434211
0.445122
0.440476
0.433735
0.42
0.434211
0.44375
0.445122
0.436364
0.426667
0.273292
0.462963
0.482759
0.317365
0.436047
0.437158
0.412088
0.453988
0.462963
0.445652
0.418994
0.48366
0.434783
0.438889
0.435754
0.423841
0.434286
0.441341
0.403361
0.398496
0.412903
0.41844
0.419162
0.367521
0.42069
0.435897
0.43125
0.417722
0.417266
0.216418
0.441989
0.39375
0.412587
0.448718
0.392405
0.402878
0.45098
0.470199
0.42515
0.457516
0.473333
0.4375
0.429412
0.416107
0.429412
0.429412
0.345238
0.176471
0.166667
0.457317
0.431579
0.3
0.395522
0.422535
0.401515
0.438356
0.354839
0.433566
0.457143
0.408805
0.245763
0.371585
0.186567
0.217391
0.201493
0.469274
0.34104
0.337209
0.484848
0.537572
0.491979
0.478947
0.491979
0.494737
0.218978
0.323529
0.459459
0.394444
0.41989
0.538012
0.488889
0.494681
0.491979
0.543353
0.513812
0.48913
0.494681
0.505263
0.551136
0.513661
0.494792
0.489583
0.442786
0.437811
0.228571
0.374269
0.395604
0.382022
0.345238
0.50289
0.497143
0.471795
0.476923
0.474227
0.489474
0.505495
0.517241
0.489474
0.508021
0.463918
0.445
0.502591
0.481675
0.446701
0.44
0.471204
0.46875
0.473958
0.479381
0.482051
0.481865
0.528736
0.497326
0.484694
0.497462
0.494898
0.52809
0.484043
0.484694
0.492308
0.507692
0.521739
0.45641
0.484848
0.48731
0.476923
0.487179
0.432624
0.453947
0.466216
0.465278
0.464286
0.496
0.439655
0.313433
0.328244
0.418301
0.348148
0.345865
0.328244
0.310811
0.244186
0.255319
0.283019
0.267442
0.256757
0.407692
0.424242
0.463087
0.466216
0.460432
0.519231
0.34058
0.277027
0.225806
0.173469
0.333333
0.324786
0.30303
0.283186
0.277311
0.158537
0.214286
0.292135
0.305882
0.275862
0.273684
0.285714
0.284404
0.219512
0.27907
0.268293
0.255556
0.294118
0.292453
0.217949
0.22619
0.272727
0.297872
0.378788
0.28
0.30303
0.382353
0.369231
0.322368
0.27972
0.285714
0.270492
0.158537
0.204819
0.294118
0.313253
0.26506
0.288288
0.282051
0.182927
0.209877
0.289157
0.294872
0.253165
0.314286
0.292453
0.31405
0.16
0.233766
0.260274
0.236842
0.25
0.285714
0.304762
0.266667
0.424528
0.391304
0.259259
0.335616
0.30597
0.431818
0.322835
0.268293
0.258333
0.307692
0.3
0.3
0.116883
0.171053
0.266667
0.28169
0.26087
0.306931
0.305556
0.289474
0.304636
0.407407
0.294964
0.382979
0.321429
0.421053
0.3125
0.273504
0.360902
0.317073
0.2
0.421053
0.442748
0.282443
0.424242
0.453125
0.30303
0.188034
0.392308
0.403101
0.4
0.446154
0.448819
0.474453
0.449275
0.308271
0.347826
0.379032
0.338346
0.330882
0.356589
0.31746
0.430769
0.45045
0.421053
0.444444
0.4375
0.435185
0.453846
0.445312
0.476923
0.477612
0.479167
0.503817
0.503876
0.485507
0.457143
0.434783
0.294118
0.240602
0.426357
0.4375
0.410256
0.448819
0.464
0.472222
0.451327
0.478632
0.463636
0.468254
0.488
0.504854
0.495652
0.5
0.495238
0.484375
0.488
0.496296
0.522936
0.5
0.504425
0.515464
0.448276
0.487395
0.495413
0.47541
0.5
0.528846
0.483607
0.495798
0.513043
0.361111
0.414286
0.29932
0.380597
0.302817
0.3125
0.431655
0.369863
0.27451
0.219048
0.276119
0.307692
0.233333
0.263636
0.255556
0.265957
0.38806
0.453782
0.527027
0.428571
0.35
0.301471
0.329114
0.318519
0.5
0.353383
0.3
0.295775
0.293333
0.285714
0.27957
0.301471
0.346457
0.268817
0.218391
0.26087
0.292308
0.25
0.254717
0.282258
0.214286
0.247423
0.222222
0.274648
0.379562
0.45
0.285714
0.228571
0.114583
0.224299
0.301724
0.292453
0.311475
0.314516
0.285714
0.278351
0.34
0.322917
0.308271
0.347107
0.322034
0.291667
0.272727
0.229885
0.318182
0.347107
0.347826
0.235294
0.238095
0.294118
0.306452
0.351562
0.227848
0.263636
0.280992
0.270968
0.350365
0.330579
0.22695
0.149425
0.206522
0.290323
0.097561
0.222222
0.305263
0.322581
0.313043
0.285714
0.176471
0.293478
0.292135
0.318182
0.353448
0.324561
0.284483
0.329545
0.259259
0.222222
0.308943
0.336283
0.306306
0.295652
0.197368
0.220779
0.284553
0.322034
0.295302
0.310811
0.371429
0.30597
0.317881
0.347826
0.431579
0.376147
0.27907
0.270492
0.123457
0.238636
0.284091
0.262712
0.209877
0.285714
0.253333
0.306306
0.299145
0.291139
0.372727
0.313433
0.37931
0.458647
0.340741
0.338346
0.330882
0.313433
0.280303
0.32
0.34507
0.259494
0.412214
0.380952
0.418803
0.385246
0.5
0.462185
0.253333
0.283871
0.354839
0.383333
0.393701
0.389313
0.379032
0.419847
0.432203
0.439655
0.406504
0.418033
0.457944
0.469565
0.446281
0.443478
0.552941
0.486726
0.461538
0.456897
0.447368
0.429825
0.46875
0.45
0.442478
0.432692
0.488889
0.354839
0.338462
0.288889
0.368421
0.435484
0.440678
0.207547
0.133333
0.186813
0.227273
0.261538
0.25
0.178571
0.208333
0.150538
0.125
0.183486
0.215909
0.1875
0.111111
0.370968
0.321429
0.442623
0.144144
0.198276
0.223301
0.184783
0.186047
0.161017
0.177419
0.166667
0.203883
0.207921
0.189873
0.151899
0.138298
0.111111
0.206186
0.206186
0.2
0.109589
0.151163
0.103896
0.293478
0.392857
0.165289
0.189655
0.186441
0.16
0.264706
0.202532
0.0853659
0.166667
0.184783
0.205128
0.146667
0.139785
0.106796
0.1125
0.191011
0.186813
0.140845
0.184211
0.142857
0.0933333
0.181818
0.185185
0.263736
0.261364
0.198198
0.264706
0.325301
0.407895
0.238636
0.216495
0.0641026
0.180952
0.193182
0.0537634
0.191011
0.191781
0.207792
0.19802
0.123711
0.21978
0.227642
0.266055
0.243478
0.0531915
0.144231
0.214953
0.254902
0.342105
0.165289
0.141667
0.146341
0.178571
0.149123
0.174312
0.103896
0.188235
0.0421053
0.616438
0.262295
0.134615
0.344828
0.488636
0.521739
0.292929
0.108696
0.0652174
0.22807
0.153153
0.0909091
0.0568182
0.297872
0.220183
0.285714
0.306818
0.329268
0.178862
0.156522
0.118421
0.0704225
0.0869565
0.432099
0.3
0.145631
0.15625
0.186916
0.220472
0.282609
0.310345
0.336957
0.290323
0.3
0.338028
0.350649
0.379747
0.308642
0.338462
0.412698
0.0857143
0.0441176
0.123288
0.256944
0.248276
0.227941
0.221154
0.225225
0.345238
0.353659
0.320988
0.39726
0.410959
0.337662
0.329114
0.390625
0.370968
0.333333
0.36
0.428571
0.439394
0.447761
0.428571
0.425926
0.47619
0.338462
0.350649
0.327586
0.360656
0.40678
0.252336
0.12931
0.188889
0.247191
0.264368
0.183908
0.2
0.222222
0.153846
0.184466
0.18254
0.135593
0.295082
0.362069
0.403509
0.170732
0.108333
0.113821
0.225806
0.21
0.177778
0.188235
0.12844
0.23913
0.155556
0.228571
0.20202
0.185185
0.195122
0.157895
0.125
0.038961
0.13253
0.212121
0.157895
0.164557
0.204545
0.252747
0.102564
0.405405
0.150943
0.163934
0.160305
0.180328
0.163043
0.227848
0.197183
0.165138
0.12931
0.182927
0.214286
0.208333
0.148649
0.121622
0.166667
0.157407
0.125
0.184783
0.202128
0.150685
0.136986
0.176471
0.12037
0.1625
0.177778
0.170213
0.16
0.22093
0.296
0.310345
0.147059
0.216495
0.293478
0.394366
0.244444
0.163793
0.149425
0.15534
0.210526
0.311688
0.298851
0.159292
0.182692
0.155963
0.225806
0.164384
0.179487
0.15
0.114286
0.247706
0.315217
0.375
0.0851064
0.108333
0.172727
0.282609
0.351648
0.18018
0.139706
0.142857
0.123457
0.132743
0.0921053
0.116883
0.133333
0.125
0.308642
0.115044
0.229358
0.395349
0.45977
0.451613
0.271845
0.0957447
0.0549451
0.160714
0.0882353
0.0444444
0.236559
0.222222
0.316832
0.319149
0.12931
0.141593
0.320988
0.168142
0.118421
0.218391
0.057971
0.157895
0.0461538
0.0461538
0.341463
0.242105
0.11
0.285714
0.192308
0.239316
0.247312
0.280899
0.292135
0.3125
0.252874
0.38961
0.337662
0.36
0.285714
0.375
0.350877
0.358209
0.372881
0.0588235
0.057971
0.244604
0.241611
0.235294
0.231481
0.2
0.375
0.345679
0.231707
0.2375
0.39726
0.368421
0.333333
0.346154
0.4375
0.390625
0.435484
0.384615
0.379747
0.373134
0.430769
0.428571
0.421053
0.431034
0.371795
0.412698
0.390244
0.375
0.344828
0.433333
0.184874
0.176
0.247312
0.227273
0.197674
0.222222
0.175824
0.153846
0.179245
0.228261
0.174419
0.1375
0.138211
0.201754
0.33871
0.35
0.431034
0.162393
0.160714
0.149606
0.193878
0.213592
0.195652
0.238636
0.156522
0.133333
0.144444
0.211538
0.205882
0.216867
0.202381
0.154639
0.155738
0.142857
0.208333
0.21875
0.175824
0.175
0.195652
0.153846
0.164706
0.371795
0.152381
0.104348
0.166667
0.2
0.243902
0.176991
0.150538
0.193548
0.192308
0.133333
0.171717
0.192661
0.170732
0.202128
0.193548
0.173333
0.184211
0.168539
0.210526
0.0789474
0.206522
0.184783
0.113924
0.336735
0.179487
0.242718
0.350649
0.247312
0.236842
0.0818182
0.186916
0.258427
0.265823
0.211382
0.151163
0.175676
0.230769
0.178218
0.141509
0.163934
0.151786
0.111111
0.414894
0.111111
0.0789474
0.173077
0.294118
0.190083
0.181818
0.125
0.146341
0.196721
0.101266
0.15
0.37037
0.247863
0.138889
0.363636
0.406977
0.450549
0.371429
0.117021
0.0869565
0.131148
0.0970874
0.0967742
0.302083
0.484211
0.207547
0.313131
0.301075
0.430556
0.180328
0.105263
0.111111
0.176
0.0675676
0.0169492
0.0958904
0.0298507
0.111111
0.0461538
0.329412
0.12381
0.0808081
0.316456
0.135922
0.25641
0.255556
0.268817
0.354839
0.333333
0.319149
0.350649
0.3625
0.35443
0.337349
0.414286
0.416667
0.48
0.123288
0.136986
0.0410959
0.255172
0.234483
0.22695
0.207547
0.169811
0.372093
0.361446
0.365591
0.319149
0.371429
0.369863
0.360465
0.361446
0.378788
0.390625
0.430769
0.352941
0.376623
0.383562
0.439394
0.380952
0.359375
0.457627
0.442623
