302.667
303.913
300
302.667
331.2
326.25
325.714
331.765
288.837
300
326.4
306.522
298.723
309.333
315.319
335
331.2
330
328.163
326.939
325.385
337.333
336
330.638
330.667
330
333.488
332.857
332
306.122
312.766
300
306.818
313.043
319.149
300
318.824
320.377
324.906
328.235
320.769
322.8
337.826
336.818
333.913
329.388
326.4
344.286
338.667
335.455
332.727
333.333
331.25
338.182
334.286
332.857
330
339.184
307.347
313.2
333.6
314.118
302.5
316.25
338.75
331.837
324.49
324.49
330.588
331.304
334.667
318.75
322.5
323.75
320.816
322.174
323.478
344.651
340
331.25
327.5
346.829
342.273
338.049
337.5
334.091
328.696
324.231
320
346.531
319.592
345.957
338.298
330
341.25
338.667
333.913
336.522
334.667
320.816
324
326.087
340
324
323.415
327.143
340
312
309.057
342.353
340.851
346.25
341.333
358.636
341.86
344.615
325.385
314.4
345.6
313.846
309.231
303.83
304.898
304.8
296.4
294.231
303.75
302.553
295.294
293.077
356.327
311.321
322.8
316.154
304.706
301.224
297.551
296.327
301.25
296.4
298.776
296.538
298.696
301.304
294.118
292.941
295
356.471
332.308
325.882
331.154
338.824
306.792
306.923
304.8
303.673
303.75
300
298.776
298.696
296.25
297.6
298.8
297.391
291.765
295.294
296.327
292.941
307.5
306.667
304.706
302.4
300
301.277
300
296.4
296.471
296.471
297.5
298.723
296.471
292.941
293.878
294.783
296
298.75
295.294
297.551
297.447
295.102
296.4
297.391
300
301.333
300
328.163
329.412
325.714
324.49
327.059
291.818
296.842
326.939
308.571
306.977
317.143
339.184
332.4
328.8
327.059
329.412
322.222
337.021
331.304
331.304
328.696
329.362
330.698
332.727
331.915
309.6
301.579
306.818
308
317.872
297.551
289.565
318.462
319.245
325.385
330.566
320
319.149
338.182
335.745
328.75
324.255
342.273
337.674
332.093
331.429
330
330
337.333
337.143
332.093
334.667
341.739
306.923
307.826
328
311.765
307.059
317.143
333.462
327.692
322.041
325.714
328.696
314.4
320.426
324.255
320.426
322.174
323.478
350.233
331.25
326.809
323.478
348.837
340.909
337.5
334.286
332
324.783
316.364
305.217
312.5
325.909
343.333
316.364
345.882
337.959
327.5
343.2
337.021
337.021
326.25
335.217
332.609
323.182
326.25
323.478
323.721
328.636
326.939
309.412
316.071
346.531
344.348
348
338.75
342
343.333
327.391
330.638
357.551
311.02
337.647
322
304.8
302.5
303.673
308.235
295.385
300
300
346.154
305.882
321.923
315.6
304.8
301.224
300
300
298.723
298.723
297.736
295.385
298.696
297.391
288.621
293.878
291.923
292.8
328.302
324.706
329.388
330.588
304.706
302.449
302.4
303.6
304.706
298.776
298.824
295.385
296.538
291.923
291.6
289.655
292.941
291.923
293.878
303.462
302.353
298.8
300
298.824
298.75
303.75
298.824
296.471
295.2
296.4
298.723
295.385
294.118
290.204
294.783
294.667
290.357
292.075
291.923
294.34
293.077
297.447
294.118
292.941
298.723
292.8
248.675
250.244
246.506
246.585
250.833
249.863
250.141
256.615
247.174
238.723
237.5
259.655
251.831
244.5
253.521
263.793
253.333
248.354
249.63
251.351
263.824
259.655
250.685
245.385
246.076
247.013
244.865
244.054
246.486
251.507
245.745
240.667
244.235
245.185
256.522
254.795
250.5
251.392
267.273
256.901
261.176
252.308
261.818
252.537
247.397
255.211
261.562
262.353
251.818
245.753
244.054
248.333
256.19
248.182
245.915
244.932
247.5
257.812
271.364
257.6
248.571
263.774
256.8
249.75
249.6
252.162
252
249.512
252
249.73
259.714
248.354
248.462
261.562
249.474
247.595
262.5
258.113
255
261.356
251.143
263.721
252.787
247.059
246.087
250.909
261.724
357.931
251.25
264.762
263.39
253.714
262.258
261.429
251.304
248.451
253.521
250.286
250.141
245.455
249.041
257.419
247.397
246.575
265.862
357.5
326.087
260
250.976
258.889
263.774
258
262.642
252.188
265.909
249.677
247.5
252.923
289.655
256.765
357.6
290
337.778
252.143
259.322
260.69
256.5
247.097
247.174
247.253
243.913
243.191
342
259.636
252
256.056
255
244.565
249.545
247.097
248.478
245.745
246.452
248
245.806
246.25
245.567
245.745
245.053
245.745
247.416
244.773
292.5
261.562
255
255
257.586
253.793
253.103
245.217
245.806
244.565
245.806
248.478
250
245.806
246.947
245.333
240
245.567
245.87
246.136
242.727
250
248.667
246.593
244.516
244.468
243.226
249.13
246.452
242.526
242.449
240.619
248.298
245.275
240
239.375
238.182
246.25
245.393
242.5
242.5
240.645
241.895
225.246
220
220
222.09
222.462
221.613
218.824
222.857
224.651
216.562
219.574
220.435
220.465
210
231.429
230
228
226.957
219.474
225.283
229.286
220
220.87
220.312
228.889
220.851
213.659
214.286
236.471
225
228.947
236
232.5
227.273
216.923
230
230.769
235.385
235
223.846
224
222.581
230
230
226.364
226.957
224
222.581
218.824
221.053
222.222
227.143
231.6
218.571
223.5
231.923
227.5
214.286
213
227.647
225.455
221.538
229.412
232.8
235.385
231.818
221.25
223.636
236
232.941
227.5
232.174
231
223.636
218.71
224.211
230
223.333
221.053
223.333
223.636
218.571
219.375
219
237.333
228
217.714
221.633
225.366
229.474
222.439
225.455
222.581
230
220
220
246.667
230.769
225
219
210
216.774
218.182
218.182
217.826
237.273
219.512
228.889
222.667
228.214
223.5
217.5
230
233.846
208.8
228.214
228.621
227.027
228.214
226.552
225
215.455
230.588
230.769
238.636
227.586
228.421
220.615
222.581
222.439
223.75
232.34
230.667
225.333
229.565
229.5
230.357
234
233.75
229.615
233.878
236.17
229.831
228.421
228.387
224.062
220.87
221.818
222.462
223.881
221.25
223
216
215.625
229.091
228.214
233.75
228.421
229.655
234.118
232.941
230.357
234.118
228.814
228.197
234.231
232.632
229.474
230.769
225.484
226.23
220.299
224.211
231.273
228.421
231.6
231.923
228.621
232.222
228.621
228
231.273
227.797
226.78
221.695
221.538
219.31
214.091
216.471
223.256
220
220
215.556
233.571
232.174
220.541
220.909
222.857
227.586
221.739
220.8
226.154
232.222
233.846
237.143
231.429
223.902
216.923
226.047
229.286
217.021
220
218.571
212.727
229.286
221.538
222.439
220.909
228
224.211
224
222.632
223.636
222.222
217.714
213.333
220
206.25
215.385
225
231.111
240
204.375
223.636
230
228
232.258
230.526
224.615
221.667
224.444
225.882
228.387
220.976
222.857
222.632
222.857
222.5
228
221.429
220
220.5
225
222
216
214.737
216
206.667
215.172
213.529
214.286
232.5
238.5
236.25
207.692
221.053
223.333
210
228
225.517
230
221.667
222.353
216
222.222
223.846
222.857
219.512
218.919
221.818
221.379
217.143
220
213.158
216.316
213.529
215.294
208
204.706
214.286
216.316
212.727
213.913
240
232.683
223.75
230
245.854
242.927
223.333
223.636
204
225.714
228
222.581
215.294
220
211.579
215.294
214.286
211.304
235.61
227.143
222.545
227.213
232.174
232
236
228.571
222.162
218.75
225.306
206.341
228.889
232.5
235.102
233.617
233.793
225.818
222.632
208.636
238.636
236.087
226.8
228.235
231.064
230.182
231.765
234.118
232.8
229.412
230.204
233.333
233.333
229.412
234.894
230.182
231.111
230.943
232.941
230.204
236
233.333
235.2
233.333
233.182
248.182
250.909
244.615
251.429
253.333
256.154
256.364
197.143
229.412
234
240
243.333
240
249
235.714
250.909
237
252.632
256.667
233.333
245.217
246.667
257.778
232.5
224.348
224.348
240
258.75
217.895
201.818
248
234.286
237.143
252
255
240
240
231
243
252
255
240
247.5
248.889
254.545
225
218.182
196.364
222
228.889
243.75
231.429
220
229.412
243.75
234.545
235.385
212.727
240
222.353
218.824
246
240
235
240
217.5
224
250
258.261
223.636
242.222
246.667
259.355
251.429
240
300
230.526
232.941
204
225.882
227.143
236.25
222
225
219
216.429
93.1035
225
180
100
226.957
251.538
249.231
216
225.882
260
252
218.824
205.263
255
247.5
180
69.3333
223.125
107.143
70
69.7674
67.5
68.2759
78
100
230.769
218.824
213.333
192
79.2857
250
242.143
244.444
255.556
215.455
220
246.667
240
270
78.8571
91.1111
200
102
228
207.857
258.462
260
253.548
246.667
235.556
265
260
256
247.2
259.091
260.769
270
260
213.333
139.459
138.333
143.226
221.739
211.2
254.483
260.69
237.692
256.552
258
249.231
249.231
254.4
258.261
268.421
260
260
260.69
258
251.111
258.261
258
248.182
260
258.947
256.364
257.5
248.889
196
236.471
231.818
229.565
240
243.333
249
248.571
233.684
219.13
206.25
240
248.571
258.261
228.571
203.077
201.429
228.571
225.714
236.25
262.5
222.857
240
248.571
232.5
231
248
258.75
244
227.143
240
240
231.429
230
240
246.667
73.0435
247.5
250
236.25
210
200
212.727
244
250
252.857
226.667
220
212
234.286
234
240
246.667
236.25
222.353
234
232.941
236.842
234.545
246
240
221.538
230.769
228.75
236.25
230
224.211
162.162
248.889
212
234.286
248.889
255
248.182
221.053
244.615
228.75
228
257.5
249.231
250
230.526
229.412
228.571
235
235.714
236
235
100
242.069
250.909
210
184.615
214.737
249.231
256.875
219
211.579
255
252
212
248.571
273.333
218.571
216.923
67.2
212.308
100.8
72.3529
70.5
68.5714
83.5714
86.6667
156
196.667
140
195
79.0909
227.5
245.625
248
228
210
249.231
217.895
246.667
249.474
270
255
260
300
77.1429
101.739
174.545
87
219
214.286
255.652
249.6
246.923
236
237.273
262
258.462
262.222
247.5
254.286
261
267.5
275.455
255
255
141.176
138.333
131.25
225.6
237.273
262
259.286
249.474
243.158
258.621
252.857
253.333
244.444
263.571
261.6
266.667
250.286
256
264
263.571
264.444
260
264
256.552
265.385
247.5
255
258
260.769
231.818
193.636
226.957
231
229.412
237
243.75
252.857
240
251.429
264
250.909
204.706
213.913
240
242.857
259.2
224.211
216.667
211.579
221.053
226.364
240
257.143
226.667
225
240
234.545
237.143
250
250.588
240
221.053
245
228
248.571
232.5
244.286
250
226.667
235.714
250.345
243.75
230
220
236.842
246
225
231.429
226.667
240
240
232.941
217.143
231.429
230.526
226.667
240
227.143
232
220
240
224.211
225.882
240
245.455
200
240
253.333
247.826
228.889
253.333
237
232.174
248.571
226.154
226.154
230.769
223.333
230
220
210
116.471
166.154
255.385
250.909
180
226.667
244
221.739
210
282
250
230
247.5
235
70
223.448
148
71.25
70.2857
74.6341
72.3077
87.2727
112.5
202.5
108
200
74.4828
69.1304
229.091
249.677
246.429
251.613
237.273
235
246.667
240
252
0
240
300
240
320
75
64.6154
172.5
84
218.571
224
250.435
252
254.545
241.818
232
257.778
254.483
255
248.571
244.138
264
256.667
246.667
240
100
139.459
135.882
146.25
231.818
216.667
258.75
264
238.235
238
258.462
260
249.677
242
256.8
264
259.286
254
258.621
265.714
260.69
262.5
250.435
255.556
262.222
265.352
261.29
265.846
267.857
261.639
270.526
272.83
267.6
287.234
264
268.571
265.352
260.952
263.478
263.514
266.667
269.508
282.667
281.25
276.735
273.462
276
284.444
280.909
280.465
290
288
282.5
281.739
287.442
285.652
281.739
294
287.442
281.333
285.366
287.143
272.609
273.6
283.448
274.444
274.118
272.857
291.667
295.5
284.348
284
298.286
295
292.105
282.128
280.851
284.651
282.857
292.105
287.143
280
280.909
286.829
286.829
282.439
293.333
288
282.857
282.857
288.947
287.692
285
289.412
288.333
310.909
274.667
269.474
269.189
270.508
301.818
280.851
280.435
298.065
295
281.429
280
295
291.892
281.333
277.826
283.077
283.5
283.5
298.125
294.545
286.5
281.429
280.976
285.789
284.615
297.931
289.714
282.632
284.571
287.647
286.667
274.091
302.222
280.976
305.806
283.077
284.615
306
283.784
285
314.483
273.333
278.75
274.286
310.588
20.8696
12.973
279.474
304.444
305
313.846
275.51
272.542
284.118
22.1739
23.7209
23.7209
24.2857
21
19.4595
23.75
343.448
300
290.526
286.154
296.25
284.615
276
269.538
270.448
269.565
267.887
268.696
268.182
269.538
268.657
269.118
268.732
270
270
268.657
267.826
267.042
266.667
266.957
267.353
267.353
264
265.479
265.6
265.479
266.197
265.714
266.957
263.514
264.658
264.706
266.197
266.667
262.817
264.167
266.4
265
264.507
266.087
262.817
261.972
263.333
264.658
263.662
266.087
263.143
263.226
264.923
266.897
265.714
266.786
264.828
265.714
269.474
274.118
270
289.565
266.957
267.619
263.662
263.333
263.014
267.097
268
286.047
280.851
279.6
273.333
277.778
291.064
281.739
281.739
291.22
287.442
280.851
282.273
288.837
286.047
283.404
292.105
289.756
281.86
286.829
287.143
269.362
277.143
289.286
274.118
271.765
272.093
292.683
283.404
283.404
291.892
292.5
285.714
281.333
281.333
282.857
282.273
295.135
293.514
288.293
282.273
280.909
285.366
289.5
287.692
293.333
289.231
281.86
280.976
286.154
288
289.714
288.333
303
274.286
271.2
271.875
267.097
295.556
281.86
280.465
291.429
294.857
282.857
283.5
298.125
298.182
280.909
286.154
286.154
298.182
296.25
287.692
280.976
282
288.333
286.154
284.211
297.857
287.647
283.784
286.286
289.091
288
286.667
271
295.263
276
300
283.902
310
283.077
305.806
283.784
285
346.364
312
277.021
275.294
279.07
292.683
22.6667
5.80645
276
300
351.429
273.818
272.812
23.1818
23.1818
19.5349
21.9512
21
20
340.714
304.138
287.368
285
296.129
283.5
277.2
284.651
268.657
267.273
268.696
270.448
270
271.935
270
269.538
267.5
271.385
270
269.538
267.353
267.042
266.197
267.353
267.353
268.235
266.197
265.833
264.658
265
266.197
266.571
266.957
263.2
263.2
265.833
266.197
264.507
264.507
264.324
264.167
264.857
266.571
265.479
262.817
262.703
264.658
265.352
266.471
243.429
237.143
232.364
233.898
263.077
226.286
229.2
228.214
227.778
233.333
238
254.118
252.727
251.351
249.73
251.667
255
255.484
254.118
250.588
250.909
239.048
238.125
232.615
231.045
241.071
236.471
233.023
238.5
240
230.769
229.412
236.842
252
249.091
244.138
255.556
257.143
252.414
251.25
251.613
248.889
252
257.778
254
253.548
250.345
250
256.364
257.778
255
246.102
242.449
232.5
235.294
239.062
230.149
240
240
257.419
254.634
256.216
230.625
251.053
251.053
251.538
250.286
252
252.414
252.857
250.909
254.545
250.345
248.889
250
257.5
252
248.571
249.6
249.474
253.636
255
254.4
251.111
230
228
241.017
237.333
225.455
228.462
240
243.158
233.846
232.381
250.588
248.571
247.273
250.435
251.667
252
250.909
256.364
253.125
256.875
249.6
252
257.143
252.414
254.483
248.571
250
251.538
52.5
120
222.581
231
246.102
230.667
241.967
249.677
248
249.6
248.889
249.6
256.667
250
249.6
247.826
167.273
181.667
172.683
175.5
193.846
210
222.5
223.636
227.442
244.918
246.885
249.153
241.905
231.818
231.29
186
215
228
204
223.636
221.176
246
245.085
248.136
249.677
241.967
242.951
242.903
243.934
246
241.935
240.938
243.934
247.869
230.769
234.194
234.098
229.524
231.29
172.941
175
171.176
169.091
171.667
174.545
222.273
229.333
224
229.091
244.286
242.069
246.562
246.667
239.016
244.762
243.81
241.967
240
238.209
232.059
232.727
235.082
240.984
242.903
238.235
232.836
232.727
235.238
236.066
247.119
248.136
246.885
243
241.967
242
243.871
240.968
240.952
242.857
245.625
242.903
233.636
231.692
231.818
240
241
235.385
230.435
241.967
241.967
239.048
240
241.846
241.905
238.125
239.077
238.154
240
244.478
244.478
245.373
242.769
244.478
238
233.208
236.538
236.25
261
251.667
238.333
260
260.625
238.286
240
233.333
236.604
235.636
236.471
235.556
234.231
232.8
262
258
256.098
257.143
260.526
255.429
262.5
256.216
255.385
258.182
263.226
264.828
262
260
258.462
253.636
249.474
250.526
238.421
228
242.4
241.277
228.235
233.182
253.846
266
262.5
255.385
255.789
260.769
258.182
254.595
255.789
258.182
255
251.538
262.222
256.364
256.667
257.143
261.29
261.6
256.154
256.875
255.652
254.286
259.091
234.231
245.085
250.526
251.786
244.706
235.714
228.462
240
228.889
251.351
229.5
249.677
256.552
255.385
260.769
257.419
255
255.882
258.182
230
242.553
93.3333
85.7143
67.2
236.667
244.898
250.476
240
228
262
242.182
251.667
246.486
248.824
250.588
240
249.677
251.429
252.5
75
240
235.714
198
252
249.524
251
249.643
251.111
249.375
250.345
254.545
234
250.909
233.333
250
252.857
250
60
64.6154
220
240
245
240
232.683
241.304
252.787
250.645
249.677
249.474
250.645
249.677
247.385
250.645
249.836
242.647
230.909
234
238.889
247.241
234
235.789
248.571
166.875
170.323
172.5
184
216.667
225
246.545
249.31
250.82
249.375
247.742
246.102
250.82
246.462
246.364
243.871
240
249
245.538
243.529
235.385
234.828
241.132
234
234
248
249
249.836
245.085
247.869
250.645
243.934
244.286
249.474
239.016
235.932
238.824
246.885
247.119
248.276
251.186
233.333
234.545
236.471
240
232.5
238
237.5
246
234.545
240
244.865
247.273
232
228.75
234.706
235.862
242
244.138
237.692
231.818
232.8
237.273
237.391
249.474
256.667
240
247.059
248.571
245.806
233.333
231.111
243.429
242.857
233.333
226.875
265.714
260.87
248.182
233.077
232.8
240
252.632
262.5
266.25
237.391
237.391
261.429
267.273
261.818
256.364
234.783
246.667
250
229.565
240
253.333
77.7778
241.818
195
219
240
245
243.529
228
237.391
237.391
218.571
231.818
234.286
264
234
235.385
265
266.667
260
258
227.5
227.5
255
264
264
276
226.154
248.571
260
257.143
76.8
98.1818
250
245.455
215
240
248.333
240
236.25
234.545
243.429
244.865
230
232.174
231.429
228
229.565
234
231
240
255
315
214.615
256.875
248.571
187.5
216
253.548
253.714
248.571
248.276
249.677
247.2
248.571
238.235
180
234.286
224
228.571
225.714
228
229.091
228.571
213.6
74.5455
70
68.8235
66.8571
65.625
208.571
246
204
214.286
214.286
240
245
227.143
246.429
245.625
252
250.588
252
253.548
250.588
229.714
230
231.667
233.143
78.6207
96.9231
101.538
85.2632
249.375
242.069
240
249.375
253.714
249.677
249.677
240
247.273
249.091
252.353
241.875
247.059
248.824
250.286
222.581
230
240
247.5
250.286
252
249.677
243.75
248.889
249.231
244
247.059
248.824
250.909
240
244.444
245.625
249.091
249.091
