0.962567
0.923913
0.961326
0.983051
0.945355
0.978378
0.978836
0.987879
0.943038
0.91573
0.938889
0.923077
0.897143
0.916201
0.904494
0.845304
0.972603
0.986301
0.959459
0.953642
0.949045
1
0.971631
0.972603
0.969512
0.95
0.972527
0.884393
0.840659
0.875817
0.901841
0.857143
0.848315
0.945205
0.965278
0.992958
0.939189
0.943396
0.920732
0.965278
0.985816
0.985611
0.992857
0.965753
0.941558
0.91358
1
1
0.971014
0.951049
0.939597
0.869565
0.951087
0.958084
0.945055
0.812834
0.865497
0.875
0.902778
0.951389
0.893491
0.884393
0.950704
0.978723
0.890244
0.899408
0.978261
0.985294
0.977778
0.985294
0.971429
0.926667
0.90566
0.992188
0.984615
0.970588
0.934641
0.840426
0.541936
0.830601
0.961538
0.868132
0.810526
0.859551
0.482993
0.851429
0.613333
0.914894
0.892857
0.888889
0.948529
0.992424
0.877301
0.862275
0.314961
0.652439
0.709302
0.428571
0.830601
0.963415
0.824859
0.73494
0.843931
0.633987
0.398374
0.424242
0.632911
0.532374
0.697531
0.846154
0.947977
0.864407
0.945055
0.955556
0.951807
0.956044
0.972678
0.330645
0.386555
0.330579
0.35
0.305085
0.531034
0.606452
0.739394
0.635762
0.917582
0.963855
0.96988
0.966851
0.966667
0.97561
0.972826
0.983607
0.967391
0.994444
0.360656
0.404959
0.383333
0.427419
0.368852
0.336134
0.617834
0.822485
0.847953
0.896552
0.875
0.948276
0.966667
0.949721
0.977143
1
0.97619
0.976048
0.987805
0.961326
0.977654
0.987879
0.987805
0.972678
0.961111
0.961111
1
0.994118
0.987421
0.993827
0.951351
0.978378
0.972678
1
1
0.977273
0.988506
0.949438
0.982759
0.988235
0.976331
0.994048
0.983051
0.982759
0.994152
1
0.993939
0.983425
0.983051
0.982659
0.994118
0.987879
0.993827
0.96648
0.994413
0.982759
0.988571
0.977528
0.988764
0.989189
0.907609
0.929348
0.956044
0.974194
0.974522
0.978378
0.968085
0.967742
0.975904
0.961538
0.928177
0.923913
0.934426
0.910112
0.899441
0.903955
0.836066
0.952381
0.972603
0.966443
0.967105
0.936306
0.964539
0.992958
0.965986
0.926175
0.987805
0.918033
0.939891
0.912791
0.857924
0.915152
0.937107
0.926829
0.881356
0.876405
0.944828
0.965753
0.943038
0.909091
0.957747
0.971429
0.956835
0.985714
0.965753
0.922078
0.925466
0.978417
0.978261
0.971223
0.972222
0.946667
0.943262
0.952381
0.829787
0.865922
0.937931
0.887574
0.895954
0.965035
0.971631
0.923077
0.89697
0.889535
0.956522
0.978102
0.985185
0.977941
0.964539
0.946667
0.9125
0.97619
0.976562
0.977099
0.955882
0.921053
0.879121
0.543046
0.763736
0.854054
0.836957
0.822917
0.853933
0.863636
0.886905
0.867052
0.728395
0.962963
0.977273
0.902439
0.875
0.349206
0.65
0.730337
0.478571
0.891304
0.831633
0.95082
0.827586
0.357724
0.375
0.639752
0.459259
0.768362
0.896739
0.947977
0.856322
0.972678
0.967391
0.964072
0.95858
0.961749
0.961957
0.396694
0.350427
0.336066
0.308333
0.527027
0.544218
0.630573
0.754491
0.660131
0.918033
0.976048
0.97619
0.983607
0.967213
0.975904
0.967213
0.95082
0.951872
0.967742
0.988764
0.421488
0.446281
0.432
0.385246
0.369748
0.907104
0.870786
0.861272
0.892045
0.897727
0.971429
0.95
0.955307
0.971751
0.971098
0.982249
0.976048
0.994012
0.961538
0.98324
0.982036
0.981818
0.978142
0.961326
0.938202
0.971591
0.976744
0.993711
0.981595
0.97861
0.951872
0.978142
0.977654
0.977273
0.977401
0.982857
0.976608
0.976331
0.970588
0.988889
0.988764
0.988506
0.988304
0.994083
0.994012
0.972527
0.988827
0.994253
0.988235
0.988024
1
0.972376
0.988506
0.982558
0.966667
0.95
0.990698
0.995122
0.942308
0.938095
0.932692
0.995122
0.961326
1
0.995098
0.99537
0.995049
0.984925
0.923858
0.946602
0.932039
0.865385
0.873171
0.926471
0.912195
0.965714
0.961111
0.961749
0.961749
0.972973
0.978495
0.954023
0.965909
0.966667
0.961538
0.95082
0.989362
1
0.994681
0.984293
0.934343
0.899498
0.921788
0.954802
0.943299
0.952381
0.963855
0.959064
0.960227
0.967391
0.962162
0.964706
0.965714
0.966292
0.966851
0.955801
0.950549
0.97076
0.971264
0.954802
0.960674
0.95
0.948276
0.94709
0.994505
0.957672
0.892857
0.929348
0.937107
0.950311
0.951087
0.945355
0.950617
0.97006
0.950549
0.93956
0.943396
0.951515
0.964912
0.96
0.954545
0.949438
0.944134
0.949686
0.963636
0.946746
0.953488
0.948864
0.836634
0.477273
0.792553
0.927461
0.862745
0.893855
0.905556
0.636364
0.923567
0.93956
0.917127
0.598726
0.922078
0.919255
0.938202
0.922222
0.465116
0.735632
0.774869
0.527778
0.936842
0.88764
0.881356
0.754491
0.435484
0.535211
0.662791
0.503448
0.938144
0.932642
0.979167
0.86631
0.994764
0.994792
1
1
1
1
0.456693
0.398438
0.385827
0.626582
0.63522
0.786885
0.660494
0.984536
0.994792
0.994737
0.994819
1
1
1
0.990654
0.990654
0.985915
0.443548
0.460938
0.484848
0.461538
0.404762
0.786127
0.875
0.87234
0.916667
0.907216
0.994845
0.994845
0.994845
0.994845
0.994845
0.994819
0.994792
1
0.994845
0.994845
0.994845
0.994792
0.994737
1
0.985075
0.975728
0.985507
0.995098
0.994819
0.994792
0.985148
0.985714
0.985915
0.990476
0.990431
0.989744
0.994845
0.994845
0.994845
0.989744
0.989744
0.994872
0.994845
0.994845
0.994845
0.994819
0.994872
0.994898
0.979592
0.974359
0.994819
0.994792
0.989744
0.994845
0.994845
0.916667
0.887255
0.945946
0.910256
0.536313
0.826087
0.921986
0.901316
0.713415
0.7875
0.847328
0.902985
0.908451
0.660377
0.733766
0.868852
0.95082
0.968504
0.926471
0.855172
0.983193
0.967213
0.794521
0.812903
0.802548
0.797468
0.769697
0.789474
0.807143
0.90604
0.860759
0.660819
0.760479
0.806061
0.787402
0.816176
0.859155
0.757576
0.740964
0.726708
0.813559
0.832
0.720779
0.713333
0.845455
0.884956
0.973684
0.969466
0.907801
0.902778
0.923077
0.970874
1
0.982456
0.983471
0.953488
0.941176
0.990099
0.980392
0.981132
0.982143
0.966102
0.766667
0.784314
0.745098
0.557823
0.451128
0.615385
0.671429
0.777778
0.78344
0.796178
0.717791
0.619355
0.528169
0.638655
0.692913
0.737226
0.772455
0.672956
0.752212
0.775
0.798781
0.779141
0.859813
0.823009
0.823529
0.818182
0.920792
0.896226
0.895105
0.890411
0.92
0.969388
0.989796
0.992
0.932836
0.905109
0.935484
0.96875
1
1
0.972477
0.948718
0.943548
0.891473
0.988764
0.989247
0.979381
0.961538
0.954545
0.525926
0.559702
0.617021
0.528986
0.387097
0.409449
0.483871
0.376
0.421875
0.478261
0.491379
0.421053
0.687898
0.725
0.841584
0.888889
0.846667
0.936842
0.923913
0.939394
0.940298
0.94382
0.977528
0.939655
0.942149
0.929688
0.976744
0.977273
0.963303
0.95614
0.38843
0.401639
0.959459
0.910828
0.548023
0.847826
0.907143
0.907895
0.695122
0.78882
0.878788
0.902985
0.922535
0.666667
0.75641
0.934426
0.95082
0.976
0.926471
0.840278
1
0.783784
0.774194
0.796178
0.798742
0.786585
0.796992
0.829787
0.879195
0.873418
0.654971
0.760479
0.793939
0.78125
0.808824
0.842857
0.760736
0.739394
0.732919
0.840336
0.848
0.727273
0.728477
0.873874
0.903509
0.964912
0.969466
0.921429
0.910345
0.932692
0.961165
1
1
0.983471
0.968992
0.955882
0.969697
0.980198
1
0.99115
0.941667
0.595588
0.72
0.764706
0.762821
0.531034
0.385827
0.582677
0.671429
0.751634
0.767742
0.789809
0.742331
0.607595
0.416058
0.596639
0.703125
0.748148
0.75
0.660377
0.745614
0.762295
0.781818
0.779141
0.831776
0.843478
0.837662
0.833333
0.912621
0.88785
0.896552
0.877551
0.929293
0.969697
0.99
0.959677
0.917293
0.890511
0.979167
0.989474
0.979592
1
0.981818
0.957265
0.943089
0.891473
0.989011
0.989247
0.989691
0.980769
0.972973
0.55303
0.558824
0.64539
0.55
0.41129
0.384
0.365854
0.491525
0.443478
0.722222
0.745342
0.769231
0.776316
0.881188
0.863946
0.926316
0.925532
0.900763
0.891304
0.967391
0.977778
0.93913
0.934426
0.899225
0.988372
0.972477
0.938596
0.364407
0.379032
0.385246
0.911504
0.974359
0.926606
0.928571
0.948276
0.933884
0.961905
0.943925
0.946903
0.8
0.866667
0.941176
0.93578
0.820513
1
0.979592
0.990196
0.934579
0.820513
0.788136
0.798319
0.791667
0.736434
0.872727
0.850877
0.862069
0.84874
0.845528
0.80303
0.916667
0.897196
0.898148
0.982143
0.891667
0.887097
0.781955
0.759124
0.912621
0.904762
0.92233
0.927419
0.765152
0.810606
0.95
0.861386
0.834951
0.84874
0.790323
0.937008
0.989691
0.978261
0.989247
1
1
0.954128
0.956522
0.966942
0.760684
1
1
1
1
0.990291
0.990826
1
1
1
0.5
0.625
0.801802
0.77193
0.672566
0.516854
0.557895
0.576577
0.736842
0.765217
0.794872
0.752137
0.65873
0.613861
0.745098
0.796296
0.753731
0.713178
0.847619
0.789474
0.872
0.888889
0.892157
0.862595
0.892308
1
0.969072
0.96063
0.92126
1
0.989011
1
0.967213
0.967742
0.977012
1
0.964706
0.961165
1
1
1
0.987952
1
1
1
1
1
1
1
1
0.566667
0.548387
0.647059
0.673077
0.530612
0.494253
0.355556
0.377778
0.625
0.634146
0.390805
0.528846
0.865169
0.835165
0.878049
0.895833
0.929134
0.957447
0.989011
1
1
0.977528
0.924731
0.990909
0.956522
0.966667
1
0.9875
1
0.990385
0.973684
0.4
0.418605
0.921053
0.965812
0.953704
0.9375
0.940171
0.915966
0.961905
0.962617
0.973451
0.774194
0.838095
0.932039
0.926606
0.818965
0.989583
0.979381
0.980392
0.962963
0.758621
0.773109
0.830508
0.794872
0.827273
0.8125
0.853448
0.872881
0.870968
0.824427
0.888889
0.896226
0.908257
0.970874
1
0.91129
0.793893
0.733333
0.892157
0.913462
0.92381
0.808
0.738462
0.876923
0.908163
0.854369
0.834951
0.781513
0.768
0.927419
0.956989
0.967742
0.978261
0.989247
0.980198
0.972222
0.956897
0.92623
0.977528
0.988506
0.988889
0.989691
0.990385
0.991071
1
1
1
0.531915
0.590476
0.747826
0.784483
0.626087
0.325301
0.518519
0.699115
0.769231
0.811966
0.724138
0.666667
0.555556
0.752381
0.75
0.77037
0.730769
0.83
0.830189
0.766917
0.853659
0.873786
0.893204
0.877863
0.952756
1
0.958763
0.944882
0.952
0.98913
0.978022
1
0.966667
0.933884
1
1
1
0.980583
0.990909
0.974138
1
1
1
1
1
0.990385
1
0.988764
1
0.566667
0.531915
0.656863
0.679245
0.585859
0.534091
0.223404
0.420455
0.593407
0.602273
0.414634
0.88
0.867347
0.888
0.978723
0.896
1
0.978261
1
1
1
1
0.987952
1
0.989691
1
0.913043
0.925
0.963303
0.919643
0.931035
0.918033
0.932692
0.962617
0.929204
0.768
0.847619
0.902913
0.918182
0.786325
0.969072
0.989796
0.951456
0.925926
0.779661
0.823529
0.805085
0.789916
0.853846
0.846847
0.858407
0.87931
0.841667
0.848
0.843284
0.833333
0.889908
0.918182
0.962617
0.887097
0.789474
0.75
0.836538
0.885714
0.924528
0.860465
0.727273
0.81203
0.920792
0.854369
0.854369
0.831933
0.785714
0.872
0.989474
0.978261
0.978261
0.989474
1
0.972477
0.923077
0.957983
0.867257
0.977528
0.988636
1
1
1
0.982143
1
1
0.969072
0.571429
0.574257
0.73913
0.745614
0.6875
0.53125
0.584071
0.747826
0.803419
0.737288
0.752137
0.674603
0.661538
0.737864
0.796296
0.774436
0.730769
0.849057
0.796992
0.816
0.811881
0.833333
0.878788
0.930233
0.957895
0.938144
0.952381
0.937008
0.966667
0.989011
0.956522
0.991453
0.983607
0.983607
0.988636
0.988506
1
1
0.991071
0.956897
1
1
1
1
1
1
1
1
1
0.610526
0.699029
0.644231
0.571429
0.505747
0.344828
0.366667
0.577778
0.536842
0.360465
0.822917
0.828125
0.936842
0.913043
0.977012
0.977273
1
1
0.956522
1
1
1
0.973214
0.477273
0.973684
0.933333
0.963636
0.955752
0.957627
0.917355
0.971429
0.962963
0.947368
0.785714
0.847619
0.941748
0.927273
0.822034
0.948454
0.989691
0.990385
0.954128
0.786325
0.781513
0.788136
0.788136
0.850746
0.882883
0.867257
0.87069
0.866667
0.887097
0.834586
0.869159
0.918182
0.917431
0.972727
0.967213
0.920635
0.810606
0.768116
0.875
0.932692
0.942308
0.900763
0.766917
0.842105
0.96
0.883495
0.815534
0.811475
0.787402
0.905512
0.9375
0.989362
0.978495
1
1
0.981651
0.931624
0.957627
1
1
1
0.989691
1
0.981818
1
1
0.989362
1
0.463918
0.587156
0.711712
0.741379
0.663717
0.522523
0.730435
0.752137
0.788136
0.724138
0.658537
0.557522
0.75
0.788991
0.748148
0.687023
0.865979
0.857143
0.785124
0.792593
0.844262
0.826923
0.866667
0.856061
0.930233
0.958763
0.959596
0.953488
0.944882
1
0.989011
0.988764
0.991379
0.959016
0.927419
1
1
1
1
0.990991
0.982906
1
1
1
1
1
1
1
1
1
0.472527
0.569892
0.637255
0.657143
0.581633
0.467391
0.310345
0.397727
0.488889
0.395062
0.888889
0.967742
1
1
1
0.991228
1
1
1
0.955357
0.377778
0.89313
0.991736
0.991803
0.947761
0.917293
0.925926
1
0.972414
0.935252
1
0.96124
0.955556
0.973333
0.965517
0.978261
0.992754
0.947368
0.96875
0.994012
0.992366
0.992647
0.993289
0.99359
1
0.965986
0.959459
0.992481
0.993103
0.980263
0.962963
0.972222
0.943262
0.951807
0.925926
0.963855
0.992647
0.985185
0.987654
0.975309
0.97546
0.977273
0.992481
0.980392
0.980769
0.993671
0.984375
0.992537
0.97973
0.980519
1
1
0.992366
0.959184
0.936709
0.922581
0.95302
1
1
0.980892
0.992647
0.987952
0.977612
0.954887
0.975309
0.993865
0.968992
0.992248
0.993671
0.987578
0.96319
0.991935
1
1
0.980769
0.980769
0.982759
1
0.971831
0.979592
0.979866
0.675926
0.5
0.922581
0.967532
0.921569
0.80597
0.979021
0.992908
1
1
1
0.992593
1
0.96988
0.897959
0.984848
0.987654
0.981366
0.992063
0.97619
0.9875
0.987578
0.981481
0.983333
1
0.974026
0.987097
0.980645
0.967949
0.982456
0.514286
0.674603
0.870748
0.81746
0.913333
1
0.973856
0.858108
0.978102
0.986755
0.993548
0.984962
0.954887
1
0.969231
0.992126
0.981595
0.966667
0.991736
0.96875
0.991304
0.987342
0.981013
0.530864
0.672897
0.574468
0.948052
0.868056
0.968944
0.993378
0.986486
0.976923
0.991803
0.984127
0.991597
1
0.576471
0.632653
0.613208
0.901408
0.622642
0.864286
0.934641
0.974522
0.986928
0.993548
0.993548
0.986486
1
0.992806
1
0.986395
1
1
0.991667
0.431373
0.521277
0.642202
0.5625
0.768
0.839416
0.891156
0.944828
0.866197
0.993548
0.980519
0.99359
0.993333
1
0.993197
0.950617
0.986842
0.993333
1
0.986014
1
1
0.985185
0.99187
1
1
1
0.992958
1
1
1
1
0.976744
0.974026
0.986577
0.987097
0.993197
0.993007
0.993151
0.993056
0.993007
1
0.992806
0.992958
0.985507
0.992537
1
0.992
1
1
0.992754
1
1
0.992754
0.992754
0.985401
1
1
1
0.985185
1
0.992806
0.992424
1
0.984375
0.992754
1
1
0.973856
0.992366
0.993197
1
0.95302
0.965753
0.933333
0.909639
0.960526
0.972603
0.992958
0.993056
0.986755
0.981013
0.981707
0.965116
0.992647
1
0.992958
1
1
0.946108
0.959184
0.992481
1
0.987421
0.966667
0.959732
0.932203
0.965714
1
1
0.985075
0.993464
0.993902
1
1
0.992593
1
1
0.993464
0.992248
0.992481
1
0.993103
0.97546
0.965116
0.913043
0.986667
0.985714
0.992647
1
1
1
0.992366
0.988024
0.987805
0.992188
0.992188
0.992248
0.980769
0.955975
1
1
1
0.992647
0.993007
0.960784
1
1
0.991667
1
0.992366
0.992754
0.993151
0.80663
0.9375
0.987097
1
0.970238
0.914634
0.980392
0.984962
1
0.992248
0.992188
0.982249
0.992126
1
0.962963
1
1
0.987097
0.987578
1
0.991071
0.644444
0.789062
0.97561
0.948387
0.90566
0.875
0.975
0.993506
0.981366
0.992248
0.947368
1
0.992063
1
0.991667
0.623656
0.690909
0.746032
0.848276
0.960526
0.692982
0.90303
0.993333
0.993506
0.993151
1
1
0.985075
0.992424
1
1
1
1
1
1
1
0.581633
0.644444
0.683168
0.739837
0.603604
0.747899
0.808
0.628571
0.968354
0.981366
0.993197
0.993289
0.993548
0.993548
1
0.993007
1
1
1
1
1
0.992366
1
1
1
1
1
0.977444
0.521739
0.526316
0.616162
0.583333
0.602041
0.950617
0.871429
0.902098
0.916084
0.931035
0.973856
0.99359
0.993378
0.993243
0.993056
0.985915
0.985915
0.980519
0.993289
0.986301
1
1
0.992857
0.986928
1
0.992126
1
1
1
1
1
1
0.992126
1
1
1
1
1
1
0.992958
1
1
0.992958
1
0.992593
1
1
1
0.992593
1
1
1
1
1
0.985714
1
1
1
1
1
0.981982
0.984
0.992593
1
0.985075
1
0.95302
0.972414
0.902778
0.948052
0.953333
0.992908
1
0.993056
0.986928
0.980769
0.981366
0.97006
1
1
1
0.993151
1
0.965986
0.992537
1
0.993631
0.953947
0.966216
0.923567
0.992481
0.992481
0.984962
0.980392
0.981818
1
1
0.992481
0.992857
0.993056
0.993378
0.992126
1
0.992647
1
0.89697
0.993421
0.993789
1
0.924528
0.973856
1
0.992537
0.987654
1
0.992647
1
0.985075
0.992537
0.984615
0.984496
0.97076
0.992063
1
0.99359
0.99375
1
0.992126
1
1
0.993007
0.980263
1
1
1
1
1
1
0.993056
0.839286
0.907407
0.993631
1
0.982143
0.942308
0.984496
0.992481
0.977099
0.992248
0.988095
0.992
0.984375
0.993789
1
1
0.987261
0.9875
1
0.631579
0.753846
1
0.934211
0.912752
0.860927
0.956522
0.987261
0.993631
1
1
0.992063
0.993939
0.983333
0.983607
0.981481
0.942149
1
0.56383
0.7
0.724771
0.866197
0.953333
0.741071
1
0.993548
0.993243
0.993378
1
0.992308
0.992188
1
0.992063
0.992537
1
0.992308
0.992308
0.458333
0.629214
0.598039
0.756098
0.80303
0.619048
0.822581
0.634615
0.968354
0.974684
0.980645
1
0.993243
1
0.993421
1
0.992958
0.991736
1
1
0.992366
1
0.991935
0.99187
1
1
1
0.957447
0.969466
0.547368
0.494737
0.510204
0.632653
0.609756
0.981366
0.845588
0.914894
0.923077
0.93007
1
0.993506
0.993289
0.993103
0.993007
0.985915
1
1
0.993243
0.993056
1
0.992754
0.992857
0.992806
0.992063
1
1
1
1
1
1
0.992188
1
1
1
1
1
1
0.993007
1
1
1
0.992958
1
1
1
0.992537
1
1
1
1
1
1
