2.66667
2.11765
3.10345
2.41379
1.7341
2.32044
3.89189
1.47239
0.402685
3.31288
3.19527
2.5
4.20382
4.7561
2.6087
1.96078
3.38028
3.75
2.11268
2.5
2.81879
4.71429
2.62774
3.80282
0.754717
1.40351
1.69492
0
0
4.92537
2.85714
0.4
359.205
3.04348
3.02158
5.10638
1.72662
2.8
2.38411
3.02158
3.45324
3.50365
3.45324
2.97872
2.48276
2.43243
3.91304
3.94161
3.13433
2.20588
2.57143
0.375
1.37143
0.375
1.04651
1.18421
0.405405
2.72727
3.69231
4.37956
1.98675
2.35294
3.55556
3.47826
1.23288
2.76316
5.33333
4.47761
3.18182
3.58209
3.97059
2.15827
2.08333
5.19685
4.21875
4.54545
4.1958
1.89873
6.42857
1.18421
1.71429
1.13924
1.94805
2.7451
10.9859
1.20805
8.47826
2.32558
1.6
3.55263
4.18605
5.49618
0.839161
0.833333
30
5.04673
6.39344
10
1.57895
359.241
0.821918
4.42623
3.28767
7.42268
30.6122
19.2857
8.4
20.2703
4.24779
0
1.82927
2.7451
0.697674
1.04651
0
358.966
0.337079
33.6585
32.6087
28.5
27.1429
28.3333
13.2468
8.93617
5.40984
8.125
0.359281
0
0.745342
1.37143
1.03448
0
0.670391
4
2.69663
3.01676
32.7273
33.0612
30
28.3019
25.3333
28.5
7.42268
3.45324
3.72414
3.07692
2.33766
2.54545
1.37931
0
1.05263
2.45614
1.09756
1.10429
1.85185
0.689655
1.02857
1.10429
0.740741
0.674157
2.08092
3.12139
2.75862
1.77515
1.1465
1.11801
2.38636
3.64641
3.37079
3.01676
2.72727
1.74419
2.09302
0
1.05263
1.42857
0.363636
1.79641
1.03448
0.701754
1.05882
1.42857
1.46341
1.34831
2.06897
1.05882
1.06509
1.10429
1.11801
2.08092
2.35955
2.45614
2.77457
2.06897
2.38636
1.63934
2.51497
2.80702
3.7931
3.17881
3.92157
0.331492
1.64835
1.66667
0.740741
0.8
3.92857
2.47059
2.80702
4.07407
2.6087
2.25
0.784314
2.14286
2.95775
3.33333
3.67347
2.85714
2.64706
3.82979
3.38028
1.73913
0.740741
0.357143
1.04651
2.29299
1.91083
4.76821
2.41611
2.76316
1.53846
1.92308
3.94161
3.82979
3.62416
2
2.64706
3.08824
1.80451
3.47826
3.40426
1.69014
2.81879
3.08824
3.11111
2.66667
3.42857
3.38028
2.25564
0.375
1.92308
2.32258
5.29412
1.2
2.70968
4.34783
3.50365
2.08333
1.21622
1.96078
3.63636
3.58209
4.06015
2.70677
3.52941
3.80282
2.87671
5.36585
4.8
3.75
3.69231
3.85714
359.25
7.31707
1.29496
1.13924
3.8961
3.79747
3.94737
2.36842
1.61074
1.6
7.11864
5.53846
5.11628
3.24324
2.04082
34.0909
9.23077
4.61538
17.0149
1.46341
2.94479
1.03448
2.08333
31.3636
22.5
9.90291
19.3548
0.882353
1.81818
1.09756
2.81879
1.68539
1.68539
358.882
358.889
0.340909
359.322
32.5
21.9512
26.3415
24.3243
8.46154
12.75
8.48485
5.71429
8.91089
359.643
0.736196
1.09756
1.33333
0.677966
358.889
359.322
2.06897
1.34831
3
2.04545
32.9412
33.3333
30
26.8085
28.6364
357.47
1.93548
3.22148
2.29299
3.03797
2.47059
0.350877
0.350877
0.697674
0.357143
1.08434
0
1.44578
0.685714
1.36364
0
359.63
1.00559
2.75862
1.79641
0.350877
1.07143
1.51899
0
3.27869
2.02247
2.68156
1.71429
1.04651
1.38728
1.39535
0.718563
359.636
0
2.35955
1.02273
1.39535
0.710059
0.714286
1.08434
1.35593
1.69492
2.08092
0.714286
1.45455
1.47239
2.04545
2.44186
1.77515
2.06897
1.40351
0
359.412
359.388
357.259
357.216
358.824
0.344828
0.615385
0.591133
358.884
358.806
358.469
0.659341
0.307692
359.375
357
358.324
358.413
358.075
0
0
359.659
359.659
358.667
358.352
358.916
359.647
0
359.314
359.655
0
0
0.320856
0
358.703
358.659
1.09091
1.06509
358.689
358.667
0.75
0.365854
359.645
358.989
358.989
0
0
359.651
358.971
359.653
359.653
0
0.35503
0
359.649
0
0
358.994
0
0
357.943
359.298
1.61074
1.56863
359.314
358.613
1.16883
0.740741
359.306
0.350877
0.8
0
0.363636
359.643
359.643
359.645
359.29
0.794702
1.50943
0.75
1.46341
0.359281
358.58
22.8571
1.20805
358.659
358.977
1.125
359.632
9.18367
0.827586
359.298
0
8.29787
1.26761
359.595
359.281
359.639
27
2.8125
2.02703
17.3684
358.315
0.379747
0.769231
6.19048
27.7778
18.1579
5.26316
15.6164
357.692
357.667
359.362
1.11111
359.053
359.686
0.638298
0.322581
0.625
0.621762
27.931
24.7059
26.9388
7.87879
8.91089
2.08333
5.04673
358.115
359.372
359.683
0.3125
0.319149
0.621762
0.618557
358.868
359.434
355.714
27.2727
25.4237
25.3125
24
24.7059
1.32353
359.255
0
358.636
359.659
358.756
359.689
359.067
359.067
358.446
358.75
359.372
0.315789
0
359.378
359.689
359.686
0
0.615385
359.091
357.91
356.471
357.635
358.75
0
359.698
359.13
358.571
356.25
356.812
359.067
359.067
359.067
359.067
359.067
359.689
359.691
359.689
358.756
359.067
359.375
0.309278
0.307692
359.375
358.105
358.438
0
359.689
359.067
359.378
356.471
354.696
3.85714
3.80282
1.875
3.15789
3.69231
3.50365
5.12821
1.90476
2.7027
3.96694
4.18605
4.57143
0.530973
3.39623
5.68966
3.90244
3.80952
2.90323
4.61538
3.55932
5.17241
5.2381
4.28571
3.80952
2.83465
3.42857
2.12389
4.44444
4.41177
4.24779
3.77953
2.70677
2.4
2.7027
2.45902
1.44
0.487805
354.359
3.125
2.30769
351.351
351.028
3.87097
4.2
6.48649
5.19685
4.21875
4.15385
5.625
6.6
6.72897
4.28571
5.54622
4.87805
5.15625
6.6
6
5.76923
6.54545
5.78947
6.26087
6
4.73684
11.7073
29
9
5.10638
4.03361
3.90244
4.8
4.61538
8.75
22.4
13.4211
6.13636
2.37624
4.18605
8.41121
9.17647
5.16129
1.83206
1.88976
9.13043
4.51613
0.952381
3.33333
9.03226
5.68421
3.28125
4.15385
6.52174
8.8421
8.65979
7.25806
5.28
5.32258
6.2069
7.09677
8.65979
7.64706
6.79245
5.40541
5.64103
6.26087
8.86364
7.82609
6.94737
6.6
6.85714
10.9859
12.8
9.65517
12.3288
30
32.3077
22
22.9787
25.5556
20.9091
22.1053
30
10.5556
5.68966
18.3529
10.2273
5.19685
8.76404
7.76471
6.77419
7.14286
8.57143
8.96552
6.6055
6.8421
6.05042
8.57143
7.67442
7.42857
8.25688
33.1915
31.8367
4.22535
3.35664
3.71134
4.10256
3.30709
4.34783
4.21053
2.3622
5.68966
4.46281
4.58015
4.5283
2.0339
8.42105
5.68966
4.91803
4.28571
1.4876
5.08475
4.13793
2.5
3.36
4.25197
4.18605
3.96226
3.07692
2.74809
5.21739
3.75
2.83465
1.83206
1.8
2.18182
2.0339
1.93548
0.491803
352.373
5.4
3.96226
352.5
350.182
4.94845
5.24272
6
4.72441
5.11628
4.09091
7.42268
6.06061
6.66667
5.84071
5.04202
5.76
6
5.625
6.06061
7.35849
6.42857
4.24779
12.5926
3.33333
4.10256
6.05042
14.026
28.1633
10.5405
5.74468
3.13043
3.02521
5.32258
5.95041
6.25
17.8947
8.4507
6
3.56436
1.90476
6.28571
7.76471
2.58065
0.930233
1.88976
6.06742
4.94845
0.930233
3.23077
7.02128
5.05263
3.69231
2.7907
7.82609
8.75
8.48485
6.05042
3.93443
3.44262
7.65957
8.29787
6.25
7.72277
6.66667
5.89286
5.68966
4.17391
8.66667
7.82609
8.125
7.05882
7.22222
14.7945
11.8421
11.2088
13.2468
30.5882
31.25
24
16.5517
31.7647
5.12821
3
9.75
8.13559
8.08989
2.83465
9.54545
6.89655
3.55932
4.87805
8.08989
8.86364
6.11111
5.78947
4.13793
9.88235
7.92453
7.28972
33.4884
29.3617
29.3617
11.068
15.2632
11.2871
13.2692
14.1818
12.7434
13.0693
12.4752
12.8972
16.8
16.4835
12.5
13.5294
16.25
15
13.125
11.8812
13.2
20
17.4194
17.0526
18.3158
13.8947
17.5
14.8454
16.2
14.8515
15
15.8491
19.3939
15.625
12.9897
16.9091
12.8972
13.6364
15.5769
17.8846
17.234
15.7895
13.2632
17.7391
19.0099
16.8224
16.4211
18.6207
15.3488
18.4158
18.9796
18.1513
16.25
14
13.0435
12.1277
12.4752
12.1154
16.9091
19.4872
25.618
13.7931
12.2727
12.3913
12.9897
12.9412
14.4444
12.2727
12.9032
14.8454
60
36
24.2697
21.1364
28.4211
56.087
33.9623
34.6875
23.5714
18.4091
19.3548
19.7727
25.3012
45.4839
22.8947
20.9302
16.0396
24.1304
18.2022
19.4286
24.2202
19.7727
18.4615
15.9292
15.5172
17.9381
16.5957
16.7213
16.4103
16.3043
13.3333
16.1739
15.2542
21
13.4118
14.1176
12.439
11.5152
15.4128
15.3982
14.25
13.1707
12.7059
12.6667
12.8571
14.5631
16.5138
12.2892
13.9535
13.8462
63.5294
49.4118
30.9091
30
46.1538
60
91.875
70.5882
54.5455
58.8462
77.6471
43.6364
25.7143
22.8947
22.7778
22.3256
19.322
18.6667
18
18
13.8053
16.5517
16.0465
13.7615
15.2727
17.931
15.75
15.1899
14.375
13.9806
12.973
60
56.6667
13.7143
15.3982
13.9806
13.7143
13.0909
13.7615
12.4752
12.8155
14.1818
16.25
15.6818
11.875
13.0693
17.0526
15.7895
12.6316
12
14.4231
17.7273
15.6522
19.5918
18.0645
15.1648
14.5055
16.3636
16.8932
17.2222
17.2222
16.875
16.4211
13.9394
11.4
12
15.3982
16.7308
17.5758
16.4835
15.7895
12.9897
11.8812
18.75
20.5263
14.8315
17.7273
16.7442
16.7742
17.5
19.3043
14.1573
14.6667
12.6667
12.3913
11.5152
13.7143
16.2162
14.3363
12.4138
11.8605
12.1348
12.5
12.8155
15.1351
12.9545
13.5484
12.3711
64.8
33.871
19.5349
21.0989
24.1667
82.2222
36.4286
21.2658
16.6667
20.8421
19.2857
25.7143
41
19.7468
18.5185
17.8846
24.6316
18.0723
17.7273
17.6471
22.2857
20
17.6087
18.7826
20.3306
18.9474
16.7742
16.5
19.1597
15.1648
12.809
16.1739
15
18.5841
15
13.4118
13.5714
13.0693
14.8624
15.3982
15.1807
13.012
12.5581
13.3333
13.6082
13.3981
13.4118
12.9545
15
67.0588
46.8
29.5522
28.3333
43.4483
61.2766
111.429
72.973
56.6667
60
51.1765
21.8182
19.7647
23.2432
20.8696
19.8214
20.8989
18
16.5517
14.4578
16.3636
16.9911
14.6341
12.75
13.125
13.5294
13.1429
13.5135
13.7143
12.8155
13.8889
12.8571
11.7526
12.8155
12
15
16.1798
10.9677
12.4752
14.3478
14.0426
11.7526
10.4082
12
20.2174
19.5918
17.6842
17.234
22.1622
16.5957
16.0825
17.6471
14.2574
15.283
18.0531
14.6667
14.8454
14.2574
12.8155
13.6364
16.5714
18.2353
13.1034
14.1935
12.8571
12.973
16.875
16.6667
16.7742
17.0455
17.0455
16.3636
18.1818
15.9633
15.9574
15.3333
12.6667
12.1277
12.4752
14.1509
13.8889
18.9474
25.102
12.4138
11.7241
13.0435
12.9897
13.8462
14.1818
13.1034
11.6129
10.2128
64.6154
38.2759
21.1765
17.6471
27.2727
44.7059
34.5455
24.4186
20.4255
16.5517
20.4545
26.1176
34.8837
25.2632
20.2326
18.6408
24.6316
18
19.8113
22.3529
18.2927
14.8235
17.069
18.5
18.4615
16.4835
16
18.1513
19.3103
15.3333
12.9545
16.0345
15.5
17.5
14.4828
13.2558
13.1034
12.3364
13.5135
14.0541
15
13.7349
13.4118
13.3333
12.7273
14.5631
11.8519
13.7931
13.3333
44.4828
30.8333
26.8657
43.9286
61.3636
86
78.1818
54.2308
54.1176
75.4839
17.4684
16.9811
20.2247
18.5714
19.0588
17.4419
16.9412
12.5714
14.7273
15.1807
14.6154
14.8571
13.211
65.7143
14.0541
13.3929
12.4528
14.4444
13.8053
12.4324
13.5294
12.6923
12.2222
16.9697
15.5056
12.9897
12.3529
16.0825
13.0435
13.75
12.233
14.4231
18.913
16.7742
16.7742
17.4194
18.9474
17.7551
16.5306
16.0396
15.5769
17.4545
17.8378
16.129
16.0396
13.8
14.5794
15.7627
15
17.9439
18.6792
15.8242
17.3196
14.0816
17.7966
18.8235
18.75
18.75
17.8022
15
15.7576
18
17.2174
14
15.4839
12.5275
12.766
12.3529
14.0187
13.7615
17.5221
13.4831
13.6364
12.3913
11.875
13.7143
14.4444
13.4831
12.809
12.2581
12.6
58.6667
29.0625
14.4304
18.1395
21.6
31.0345
22.8571
17.7273
18.0645
18.5714
27.4074
37.1429
26.4
20.2326
16.6337
22.6667
21.4286
18.6667
16.4211
18.5047
23.8835
16.7442
16.4835
16.9911
19
16.7742
15.7895
16.0976
18
18.5106
15.3333
15.6818
15.6522
15.3846
19.8261
16.0465
14.8235
13.4118
14.1509
13.6364
16.6957
14.6341
13.9024
13.4118
13.8462
12.7273
12.5714
13.9024
14.1573
13.8462
58.6047
48.6792
27.6923
28.6957
44.2105
64.1861
82.2222
68.5714
55.9091
60
20.4545
20
20.6897
17.5281
17.4419
15.9292
15.3659
14.4304
14.4231
14.0187
68.8235
17.9487
13.5
12.3967
17.9528
17.7049
20.64
6.90648
7.65957
14.3077
11.6129
14.0323
13.0233
14.7945
10.2857
13.3333
14.0146
15.8333
17.0323
17.7108
12.4615
12.8889
15.8108
13.1613
13.3333
14.7887
17.7465
10
9.58333
10.0671
11.5385
15
13.5338
17.4684
15.2
19.5
13.7778
12.6316
16.875
15.9494
15.4717
13.0233
14.5455
14.8
16.0784
16.4331
12.8571
12.1805
14.4828
15.4967
16.8153
12.2951
12.4615
12.3404
19.4595
15.9441
14.3662
8.20144
9.47368
15.1948
13.7778
18.2927
13.2824
9.44882
16.3291
17.037
12.48
13.5938
16.4331
16.9811
16.051
14.1463
16.1842
15.3947
16.0784
16.0784
13.6842
13.2787
13.913
15.4167
16.0274
48.4932
57.6
15.5245
10.0671
14.8936
23.8889
14.5714
12.4286
9.93377
9.41177
14.5588
14.3284
18.2927
16.7702
13.6364
13.8462
17.625
15.9494
14.4
14.6341
15.5696
16.9811
15.8491
13.2203
15
15.6
15.6863
16.1842
15.0993
13.3929
35.5556
26.8235
22.9688
20.3883
15.3285
12.8571
12.4832
18.4252
15.6716
9.66443
10.1299
15.1145
11.811
19.1411
14.2857
15.2381
16.125
13.9655
14.5
14.3226
15.2632
16.5385
16.6452
58.6047
33.3333
46.6667
14.3836
21.6
10.7692
9.6
8.21918
15.5906
10.9091
15
16.2712
15.7895
60
47.4194
39.6923
23.9062
55.4545
18.843
15.1049
14.1176
11.1258
11.6883
12.0779
9.45205
8.85906
8.69565
7.13287
7.86207
10.3937
10.2439
10.5882
65.4545
56.3265
38.5714
57.7778
27.5
20.3478
18.7786
15.7664
18.5366
10.5195
11.1258
10.4516
9.66443
10.3448
9.0411
11.6883
9.6
10.0671
11.0204
9.3617
8.75
8.39161
8.57143
9.34426
9.66102
8.36066
8.20144
8.08511
10.3125
9.91736
10.5
9.42149
9.04762
12.4
11.0204
9.80392
9.0411
8.87324
8.27586
8.81119
9.29577
8.32117
7.82609
7.65957
8.82353
8.57143
7.74194
8.70968
8.32117
7.88321
8.75912
8.63309
8.44444
8.75912
9.19708
7.11111
8.51064
8.44444
7.88321
7.66917
8.02817
6.52174
8.24427
9.375
12.8571
11.8248
9.33333
8.68421
9.66443
10.6154
6.57534
8.18182
14.3662
14.0426
16.1905
17.0861
14.3836
11.4085
9.78723
10.0699
11.6779
12.3871
14.1615
15.1807
10.6667
10.5109
11.0638
12.8276
11.0526
10.2532
13.617
10.9091
5.75342
8.02548
14.069
12.1678
19.2727
17.3965
10.6667
11.2782
11.3636
13.4211
15.8282
11.1628
10.5344
10.2985
11.223
13.5616
15.3947
11.25
10.9091
11.7391
12.9167
8.67925
10.1205
17.1429
11.3514
13.4783
13.3333
12.3664
12.9851
12.8244
11.0769
16.3636
15.9259
12.7559
11.811
10.7812
16.4706
16.5789
10.9524
10.8661
11.0769
11.1111
13.5211
13.4694
15.4601
11.0924
10.5882
10.6452
11.5385
13.1387
15.3103
16.0274
18.8
10.1961
12.2222
11.0429
18
10.8
15.5725
15.4545
15.9375
14.1732
16.988
13.3333
12.8571
17.6923
11.9008
11.8033
16.0784
17.3585
14.087
12.4324
56.8966
30.297
16.875
18.3673
20
20.7519
14.2308
9.41177
11.3924
15.9375
16.1905
13.8095
14.4
14.5
13.6134
52.7586
45
32.5532
21.4634
15.2055
40.2532
19.7315
8.05369
9.01961
7.03448
8.4
11.9084
11.3636
11.9084
11.5385
11.6279
10.9524
9.61832
12.7273
12
11.6279
56.8421
62.069
50.4348
31.6484
36.7164
32.3596
26.1386
43.6364
14.902
13.2911
9.45205
9.72973
10.5195
9.74026
9.78723
8.02817
11.2752
9.29577
6.97674
7.23404
11.7188
10.6154
11.7188
10.8661
10.6452
8.78049
8.24427
12.4615
57.5
58.8
60.9836
63.2143
62.0339
12.8571
20.1639
16.7442
15.1145
15.1111
8.45638
11.2258
10.4
9.38775
9.65035
9.85714
8.14286
10.3311
9.72973
9.58333
8.63309
8.32117
7.76978
13.9073
9
9.04762
8.92562
8.71795
8.13559
7.03125
7.94118
10.8661
9.52381
9.7561
8.78049
9.5
8.20513
7.16418
8.87324
8.51064
9
8.87324
9.3617
8.26087
7.61194
7.55556
7.11111
8.02817
8.0597
7.96875
7.25806
7.25806
7.38462
8.39161
9.56522
7.76978
9.23077
8.32117
9.92126
8.50394
7.70642
12.6829
12.0896
9.92481
10.4545
6.93878
13.9437
14.4681
16.1538
17.6712
13.8462
10.2857
9.3617
9.65035
11.5232
12.549
13.6709
14.4444
10.4545
9.70588
10.7914
13.2414
9.53642
12.6761
9.92481
7.5
7.30769
13.6552
12.1678
13.2414
13.1818
10.4545
11.4504
14
14.8148
10.2326
10.6154
10.9091
11.6547
13.4266
15.2
9.52381
10.9924
11.5556
13.007
14.5946
10.3311
9
8.57143
17.9592
13.2886
9.76744
10.8271
6.75
10.8661
12.8889
11.6418
11.8182
10.8271
12.1875
12.2835
16.2651
11.52
10.8661
15.871
18.1132
10.6452
10.4762
10.2326
11.1111
13.0986
14.4966
12.0896
9.57983
10.678
10.1613
11.1628
12.1739
14.2657
20.4255
16.7347
11.1538
9.75
12.7273
18.7755
15.5906
16.3636
14.0625
13.125
15.9036
13.0645
13.3333
16.875
12.5
12.2951
17.0323
17.4684
11.25
60
27.551
13.9877
16.4789
23.3824
19.3846
12.4675
8.12903
8.84615
8.12903
14
16.8
16.4634
15.2542
14.5
17.7358
16.3158
14.8718
49.8113
42.0779
45.5696
22.9268
14.6853
41.9277
8.05369
9.35065
6.53061
6.8
13.1818
12.5581
11.3386
10.9524
10.08
12.6316
12.4615
11.6279
10.6977
62.7273
56.7857
44.2623
30.9677
20.9434
45.2308
27.0588
44.5455
14.5098
12.0779
10.6579
8.97959
8.97959
10.5195
9.93377
7.71429
8.08511
6.5
8.08511
6.62069
11.0769
11.25
10.7317
9.83607
8.92562
8.37209
5.07042
14.2222
13.7008
60
60
58.8
59.0323
61.2
15.9494
19.8261
18.1395
15.9091
16.2406
10.0671
10.1961
10.5405
10
9.29577
8.14286
8.93617
10.2632
8.97959
9.23077
8.69565
7.0073
7.76978
9.13043
9.12
8.92562
8.64407
7.75862
7.61905
7.55556
10.6977
10.3937
9.67742
10
9
9.5
8.0315
7.1831
8.87324
9
9
9.58333
8.93617
8.32117
7.61194
7.61194
7.21805
8.51064
8.44444
7.96875
7.31707
7.31707
6.61417
