67.619
67.619
64.8387
66.6667
68.5714
64.5714
69.375
66.7742
68.4375
67.1429
66.055
67.7419
67.7419
67.619
66.6667
67.3333
61.7308
61.978
61.8
65.1282
64.4037
64.898
68
66.6667
65.8929
65
66.055
68.7097
68.7097
66.6667
65.7143
65.5556
65.4
64.5113
66.0606
70.3704
66.2687
65.7143
70.3704
65
62.5352
63.1169
64.1379
63.7113
66.6176
64.2105
64.3636
69.8361
70.6452
68.5714
68.5714
69.4286
66.6667
63.6
64.3299
70.8197
70.6452
69.375
69.5238
66.8182
65.4545
66.4865
66.6055
65.8064
70.7143
68.1818
65.6115
66.9903
66.4463
69.7674
64.4262
67.0588
67.2289
65.6471
67.438
68.6747
64.6808
63.7168
63.75
64.6154
64.0909
70.8197
70.6452
69.375
68.5714
67.3171
67.9592
66.1017
65.6075
69.7674
69.7297
65.6934
67.1111
69.2857
68.1818
68.5714
66.5455
73
71.6129
69.375
67.7419
66.5
66.8293
66.4286
65.9406
73.7705
71.6129
69.375
69.5238
67.0968
65.3846
66.4748
67.1329
72.5807
70.6452
69.375
70.3125
70.4762
70.3125
70.3125
70.3125
70.3125
70.4762
70.3125
70.3125
70.4762
69.375
69.375
69.375
69.375
69.5238
69.375
70.4762
70.3125
70.4762
70.3125
70.4762
70.3125
70.3125
71.0769
70.9091
71.6418
73.913
74.1667
75.4286
74.7945
74.7945
74.4
75.4054
74.2105
75.4054
75
66.7742
66.6667
66.6667
68.4375
68.5714
66.7742
70
66.7742
66.6667
67.5
65.6075
69.863
69.6774
69.5238
67.619
66.6667
65.5172
63.3645
61.8557
64.7059
66.338
64.6602
64.8
65.9155
68.8235
67.0588
65.6842
65.2174
64.2857
67.8689
67.7419
66.6667
66.5625
65.9341
66.8571
65.2941
65.9406
70.5
67.1642
66.055
69.75
67.9121
60.8
62.5
64.375
64.4037
62.7778
64.1176
63.8298
65.7143
63.871
64.7059
63
69.6774
68.7097
68.4375
68.4375
67.3846
67.5591
64.6154
63.871
70.8197
70.6452
69.375
69.375
66.9474
66.1417
66.1644
65.3333
64.1861
64.9091
66.1538
69.3976
65.3658
66
66.4615
63.2609
65.9016
64.4118
63.6364
67.0213
66.1856
70.6452
70.6452
69.375
69.375
67.2581
66.7347
66.0938
65.4054
68.6747
68
69.4737
65.1799
65.7353
70.2439
68.9032
64.486
65.2427
66.5217
64.3902
64.7727
64.5714
70.6452
70.8197
69.375
69.5238
66.0465
65.9155
66.076
64.6154
70.8197
69.8361
69.375
69.5238
69.3333
69.1765
66.2222
66.4865
70.8197
70.6452
69.375
69.375
70.6452
70.3125
70.3125
70.3125
69.375
70.4762
70.3125
70.1538
70.4762
70.3125
70.4762
70.3125
70.3125
70.3125
70.3125
70.3125
71.25
70.4762
70.4762
70.4762
71.25
72.7273
72.5373
73.0435
73.3333
72.6761
72.973
75.4054
74.4
75.4054
74.8052
75.2
74.6154
64.3902
65.7143
62.9508
64.8837
65.4545
64.2253
63.3803
67.3846
66
66.2069
65.1724
68
64.3478
61.1921
66.6667
64.2424
64
65.4545
66.383
68.25
67.1053
65.4545
67.0588
65.625
66
65.4545
68.7273
60.6452
61.9512
66.6667
67.5
65
62.4742
62.1239
62.2222
68.4507
64.2857
63.6364
61.9149
68.5714
63.3803
62.1818
67.1429
66.8966
68.1481
67.1053
67.5
67.6056
66.5625
66.8852
67.6364
66.7742
67
66.6667
66.9231
58.3333
63.7037
61.7476
61.4458
61.3187
64.0541
68.1081
65.0602
63.8532
63.0612
62.8037
68.2192
65.0602
65.2381
62.0455
68.9189
66.1224
66.8354
68
68.3333
68.2192
68.4507
66.2687
68.3077
66.8852
66.6667
66.9231
66
67.9245
66.1224
62.7273
60.7692
62.2222
65.2747
65.8696
64.4211
63.6735
63.0612
68.1081
65.6757
65.1852
63.8961
64.6753
66.7606
68.7805
71.831
67.5949
71.0769
69.2958
69.1667
68.5714
69.4286
69.4286
69.7059
69.5238
67.8689
67.6364
69.4118
63.9669
62.093
63.1579
64.4444
63.0769
61.7308
65.2174
65.7831
64.6154
65.6
66.6667
71.5385
70.4762
67.9121
73.3333
70.4762
69.5652
69.5652
69.5652
68.4375
68.8235
68.7097
69.4737
70.1887
68.7273
63.8849
65.5814
69.3976
73.6842
72.6923
70.1695
68.8636
73.125
72.9412
70.8197
69.0909
68.125
71.6667
70
69.0909
69.2308
68.7097
70
64.8529
64.0909
65.042
65.8647
64.8
64.7727
76.1905
75
72.6923
68.6598
73.7143
74.2373
75
71.4286
70
69.5049
72.973
73.8461
69.2308
69.375
68.8525
69
64.32
65.4545
64.5652
65.6693
66.755
74.4
73.8461
63.7168
65.4167
72.973
73.6364
76.5517
71.7857
70
69.8361
69.8507
69.8361
71.3208
69.6
64.0678
63.6735
63.4426
64.3548
65.0704
66.0938
68.1818
69.5652
67.1642
68.5714
69.6429
69.6774
70.1887
68.75
65.8442
65.2703
67.438
68.2443
67.9412
68.6956
69.375
70.7143
69.7959
70.7143
70
69.7059
68.3077
69.4737
69.6
70.1408
69.8507
70.8197
70.5882
71.1864
71.7647
70.1408
69.8507
70.9859
71.8182
71.3208
70.8333
70.9091
72
71.5385
71.5789
71.3513
71.3513
71.3043
70.9091
71.3043
71.8033
72.8571
73.125
70.7692
64.2857
66.7606
64.8387
65.625
66.1765
66.8571
66.2069
67.7419
66.5625
67.1186
69.1667
68.9189
66.7742
67.619
66.9565
67.7143
62.381
65.3333
66.8571
68.1356
66.7742
66.6667
66.9565
66.0674
66.8354
67.7419
69.3976
69.4737
69.6296
69.863
67.6056
66.9565
66.9565
67.6056
60
67.2414
67.7419
66.5625
66.1765
61.9835
62.8846
68.1356
67.8689
66.7742
62.8916
63.7113
67.8571
69
63.6364
68.4706
70.2439
69.7674
70.5882
66.8966
66.6142
66.8041
67.5
66.9565
67.8261
67.1642
67.8261
68.6956
68.1356
66.7742
68.1818
61.7647
63
62.4658
64.8214
64.0336
66.9767
62.5
63.4615
66.9767
68.0488
65.5172
68.3544
66.5625
70.1408
67.5
73.3333
71.25
68.3333
70
73.125
70.5
67.1186
68.8235
68.9552
68.5714
70
69.5238
68.8235
67.8261
60
70
69.5238
63.2727
63.8182
62.9412
64.0385
64.8889
64.4118
64.0678
64.5763
64.7727
66.2937
65.5932
72.381
74.0625
73.3333
66.7826
69.0909
71.0769
74.5455
73.4211
67.5728
66.5625
68.6956
69.7059
70.1538
72.9114
68.1203
69.5238
69.5238
68.6956
58.8679
58.481
61.9565
65.4545
65.4545
65.3658
64.6479
64.8529
66.5455
67.0866
74.0625
75.4545
67.2152
66.8571
70
73.3333
73.4328
73.6
68.7179
69.2308
68.5714
68.9552
73.4211
69.0566
68.4375
72
67.9592
66
66.9388
67.6119
71.6129
73.125
72.9231
68.4112
68.6956
73.125
73.2353
74.5714
73.9726
67.218
68.5714
67.2727
69.2958
72.8
67.4419
67.6
68.9552
72
69.5238
67.9412
69.4286
70.9091
68.5714
68.9552
67.362
66.2963
67.7027
68.3333
68.3333
69.2308
68.5714
68.2192
70
66.6055
68.0769
69.4286
68.2192
68.8
69.8507
68.3333
69.3507
68.6956
69.7297
68.5714
65.625
67.1006
66.8852
67.2
68.5714
70.1205
68.7805
69.7826
70.5882
70.099
70.1124
70.5155
70.0935
71.134
70.4082
70.2857
72.5714
70.4082
70.0935
71.1765
72.1277
71.5385
70.3846
166.154
171.429
185.455
191.538
187.826
189.474
174.545
171.429
133.333
141.818
147.273
150
153.333
158.182
147.273
146.667
147.273
140
136.364
132
136.364
141.818
140
133.333
138
141.818
166.154
166.154
160
168
191.25
161.538
150
136.364
120
133.333
169.091
180
152.727
136.364
125.455
141.818
158.182
126.667
120
132
180
185.455
202.5
126
120
144
120
126.667
147.273
168
173.333
190
206.25
161.538
174
185.455
171.429
161.538
140
166.154
197.143
192
150
150
141.818
126.667
205.714
198
195
156
147.692
145
138
125.455
120
120
120
138
188.571
172.5
180
120
126.667
140
155
173.333
186
172.5
166.154
180
185.455
187.5
150
168
189.231
150
158.182
120
120
173.333
155
163.636
180
51.4286
138
150
150
136.364
126
115
180
186.667
186.667
136.364
150
126.667
136.364
132
126.667
126.667
141.818
165
180
184.615
152.727
160
173.333
153.333
172.5
156.923
186.667
168
141.429
168
174
140
166.154
85.7143
105
145.714
130
85.7143
94.2857
148
143.077
129.231
180
154.286
120
97.5
141.429
147.692
141.818
132
114
114.545
114
132
162
165
144
141.818
147.692
105
114.545
126.667
133.333
187.5
172.5
162.857
147.273
152.727
150
141.818
180
180
174.545
180
138.462
180
187.5
196.364
96
105
90
140
135
125.455
96.9231
170
197.143
94.2857
60
140
135
135
120
105
113.333
120
180
190
90
140
141.818
141.818
130.909
202.5
192
170.769
127.5
135
127.5
125.455
100
80
96.9231
78.4615
100
103.636
97.5
137.143
138
120
113.333
112.5
110
87.2727
136.364
141.818
120
106.667
112.5
126
90
75
78
60
60
81.8182
133.333
90
113.333
106.667
96
112.5
55.3846
80
70.5882
105
55.7143
106.667
103.636
106.667
106.667
102
112.5
112.5
93.3333
85
64.6154
103.636
100
113.333
112.5
93.3333
81.8182
100
106.667
120
108
113.333
95
106.667
100
81.8182
81.8182
87.2727
96
102
76.3636
90
92.7273
90
100
102
73.3333
126.667
106.667
90
100
78
132
120
114
112.5
138
138
136.364
136.364
133.846
126
120
132
135
141.818
136.364
136.364
140
143.077
112.5
126
135
126.667
130.909
140
114.545
180
180
188.571
190.909
190.909
191.25
180
168
120
144
150
130
156
188.571
154.286
145.714
137.143
137.143
108
137.143
127.5
120
110
111.429
120
137.143
165
171.429
150
180
195
173.333
186.667
120
127.5
120
165
180
94.2857
112.5
111.429
111.429
135
111.429
90
100
197.143
200
200
103.636
108
140
120
100
130
168
200
190.909
192
160
186.667
192
155
150
170.769
135
214.286
180
150
135
111.429
120
204
206.667
188.571
157.5
126.667
120
112.5
112.5
120
100
130
137.143
180
180
192
128.571
100
130
157.5
160
180
180
162
170
190.909
160
156
188.571
180
140
142.5
84
30
94.2857
145.714
145.714
180
40
140
146.667
133.333
126.667
120
100
60
188.571
202.5
210
140
144
146.667
127.5
111.429
111.429
111.429
154.286
165
180
195
127.5
160
180
170
165
128.571
156
172.5
190
188.571
147.273
145.714
187.5
160
166.667
94.2857
180
110
67.5
80
67.5
133.333
135
150
197.143
200
84
110
135
127.5
140
111.429
97.5
102.857
94.2857
96
180
156
135
140
120
112.5
94.2857
102.857
180
160
165
150
157.5
128.571
135
207.692
195
186
171.429
147.273
214.286
180
180
60
120
113.333
100
120
106.667
96
103.636
160
195
85.7143
40
150
132
120
96
97.5
93.3333
93.3333
190
144
146.667
138
140
127.5
166.667
186.667
185.455
120
126.667
128.571
126.667
133.333
90
105
105
90
72
67.5
141.818
127.5
128.571
105
84
103.636
67.5
83.0769
146.667
140
145.714
97.5
84
106.667
82.5
6.66667
162.857
60
60
54
73.3333
100
120
96
86.6667
100
42.3529
60
72
36
86.6667
137.143
106.667
93.3333
96
93.3333
90
81.8182
87.2727
97.5
85.7143
75
49.0909
72
70.9091
84
90
68.5714
66
90
97.5
87.2727
75
75
73.3333
70.9091
90
85.7143
90
80
75
76.3636
82.5
90
84
73.3333
70
82.5
75
73.3333
66
97.5
93.3333
93.3333
82.5
80
112.5
120
120
112.5
111.429
112.5
120
120
105
120
120
127.5
120
127.5
112.5
133.333
126
126.667
112.5
120
128.571
112.5
127.5
133.333
120
