1
1
1
1
1
0.963303
1
1
1
1
0.973214
1
1
1
1
0.967742
0.928571
0.968085
0.961538
0.936
0.931624
0.970297
0.9375
0.981818
0.875
1
0.973214
1
1
1
1
0.981818
0.961538
0.963768
0.99
1
1
0.963303
1
1
1
0.950617
0.95082
0.960396
1
0.883721
0.948276
1
1
1
1
1
0.926471
1
0.960396
1
1
1
1
0.926316
0.952756
0.96732
0.915966
0.958763
1
1
0.926667
0.944954
0.98374
1
0.983871
0.93578
1
0.923913
0.960317
1
1
0.957627
0.989691
0.968085
0.946237
1
1
1
1
0.960938
0.942308
0.967213
0.972727
1
0.961039
0.971631
1
1
0.956522
0.882883
0.956522
1
1
1
1
0.9375
0.91791
0.979021
0.971154
1
1
1
1
0.894231
0.975
0.965278
0.966216
1
1
1
1
1
1
1
1
1
1
1
1
1
1
1
1
1
1
1
1
1
1
1
1
1
1
1
1
1
1
1
1
1
1
1
1
1
1
1
1
1
1
1
1
1
1
1
1
1
0.981651
1
1
1
1
1
0.966667
0.930435
0.989796
0.962264
0.916129
0.936364
0.970874
0.940397
1
0.97541
1
0.989247
0.965517
1
1
1
1
0.919192
0.963303
0.957747
0.990196
1
1
0.964602
1
1
1
1
1
0.931624
0.955752
0.953271
1
0.926471
0.837838
0.953271
1
1
1
1
1
1
0.927007
1
0.96875
1
1
1
1
0.896226
0.954887
0.960526
0.918367
0.945055
0.964912
0.983193
1
0.984
0.934579
1
0.893204
0.96063
0.985507
0.99
0.979167
0.97
1
1
1
1
0.932331
0.907407
0.984615
0.973684
1
0.918367
1
0.972028
1
0.987952
0.945122
0.90678
0.953704
1
0.88172
0.977778
0.875
1
1
1
1
0.934783
0.959459
1
0.971963
1
1
1
1
0.84375
0.923913
0.964286
0.96732
1
1
1
1
1
1
1
1
1
1
1
1
1
1
1
1
1
1
1
1
1
1
1
1
1
1
1
1
1
1
1
1
1
1
1
1
1
1
1
1
1
1
1
1
1
1
1
1
1
0.985714
1
0.984375
0.970588
0.978261
0.985075
1
1
1
1
1
1
1
1
1
0.837838
0.984
1
1
1
0.97
0.982609
0.992647
0.986111
0.98
0.980198
1
1
1
1
1
1
1
1
1
1
1
1
1
1
1
1
1
1
0.952941
0.990385
0.976471
0.968085
1
0.973684
0.943182
0.981982
0.970297
0.972727
1
0.965116
0.992126
1
1
1
1
1
1
1
1
1
1
1
1
1
1
1
1
1
0.987342
0.975904
0.968085
0.978723
0.959596
0.960784
0.951456
1
0.973684
0.964286
0.939024
0.993548
0.986111
1
1
1
0.984848
0.986111
1
1
1
1
1
1
1
1
1
0.960317
0.977273
0.974359
0.931035
1
0.981132
0.958333
0.982249
1
1
0.975904
1
0.984375
0.98913
1
0.984375
1
1
1
1
1
1
1
1
1
0.958621
0.941606
1
1
1
0.967213
0.977778
1
1
0.983871
1
0.969697
1
0.967742
1
1
1
1
0.978417
0.992481
0.96748
0.970803
0.980392
1
1
1
1
0.979798
1
1
1
1
1
1
1
1
1
1
1
1
0.992063
0.973451
0.948454
0.947761
0.993421
1
1
0.918699
0.972973
1
1
1
1
1
1
1
1
1
1
0.907692
0.97351
0.96063
0.953846
0.95302
0.842105
1
1
1
1
1
1
1
1
0.980892
0.942675
0.968
1
1
1
1
1
1
1
1
1
1
1
1
1
1
1
1
1
1
1
1
1
1
1
1
1
1
1
1
1
1
1
1
1
1
1
1
1
1
1
1
1
1
1
1
1
1
1
1
1
1
1
1
1
0.887324
1
1
1
1
1
1
1
1
1
1
1
1
1
1
1
1
1
0.94
1
1
1
1
0.991803
1
1
1
1
0.976471
0.979798
1
1
0.99
1
1
1
1
1
0.969466
0.97
0.926829
1
1
1
1
1
1
1
1
1
1
0.986486
0.973913
0.991667
1
0.96
0.990476
1
1
1
1
1
1
0.978417
1
0.987654
0.981818
1
1
0.987654
0.967213
1
1
0.974684
1
1
1
1
1
1
1
0.964912
0.964912
1
0.954128
0.971223
0.912752
1
0.991597
1
0.972789
0.983333
1
1
1
0.974576
1
1
1
0.987013
0.962617
1
1
1
1
1
0.943262
1
1
1
1
1
0.978723
0.993548
0.988024
0.97619
0.972603
0.978417
0.982143
0.969466
1
1
0.981366
1
1
1
1
1
0.951219
1
1
1
1
0.972477
1
1
0.970297
0.979021
0.960784
0.992593
1
1
1
0.990741
1
1
1
1
1
0.943262
1
1
1
1
0.955556
0.986842
1
1
1
1
1
1
1
1
0.987879
0.987805
0.907975
1
1
1
1
1
1
0.973214
0.993631
1
1
1
1
1
1
1
1
1
0.977099
0.971264
1
0.986842
1
0.988095
1
0.958333
0.980769
1
1
0.979798
1
1
1
0.990566
1
1
1
1
0.989474
0.990476
1
0.135417
0.138614
0.177419
0.19403
0.171642
0.153226
0.115789
0.0886076
0.147541
0.180328
0.183333
0.172414
0.157895
0.196429
0.144737
0.121622
0.144737
0.196721
0.186441
0.15873
0.183333
0.196429
0.18
0.183673
0.2
0.211538
0.220339
0.19403
0.230769
0.103093
0.134454
0.240741
0.121951
0.166667
0.140625
0.160714
0.166667
0.126437
0.174603
0.174603
0.186441
0.196429
0.22449
0.183673
0.183673
0.212766
0.119048
0.1
0.0776699
0.175439
0.166667
0.204082
0.166667
0.1875
0.244444
0.147059
0.111111
0.0952381
0.122137
0.26
0.102041
0.112245
0.254545
0.173333
0.208333
0.209677
0.0909091
0.0925926
0.184615
0.226415
0.183333
0.152542
0.106061
0.0900901
0.0991736
0.138889
0.224138
0.20339
0.175439
0.196429
0.204082
0.166667
0.191489
0.227273
0.0985916
0.0963855
0.102564
0.204082
0.183673
0.2
0.26087
0.169811
0.103093
0.0842105
0.25
0.131579
0.106796
0.210526
0.241379
0.119048
0.116071
0.233333
0.174603
0.0804598
0.104167
0.0666667
0.244898
0.2
0.0886076
0.170732
0.133333
0.254545
0.226415
0.192982
0.178571
0.235294
0.0918367
0.0882353
0.0849057
0.148649
0.21875
0.163636
0.196429
0.2
0.1875
0.2
0.244444
0.0941176
0.0990099
0.0921986
0.23913
0.244898
0.0769231
0.111111
0.091954
0.240741
0.1
0.0970874
0.233333
0.133333
0.144928
0.193548
0.185714
0.0660377
0.157895
0.0507246
0.0560748
0.0853659
0.0714286
0.283019
0.26
0.232143
0.145455
0.170732
0.0625
0.112676
0.225806
0.254902
0.203704
0.181818
0.196078
0.22449
0.217391
0.104167
0.0970874
0.0449438
0.121951
0.164179
0.216667
0.24
0.22449
0.2
0.183673
0.113475
0.0941176
0.0886076
0.127907
0.157143
0.244898
0.215686
0.0632911
0.0978261
0.0894309
0.0597015
0.232143
0.113043
0.111111
0.152778
0.0442478
0.0714286
0.0625
0.24
0.24
0.2
0.240741
0.0550459
0.0729167
0.106061
0.0923077
0.181818
0.20339
0.24
0.185185
0.230769
0.1875
0.2
0.0722892
0.0545455
0.0720721
0.09375
0.157143
0.169231
0.229167
0.0727273
0.0892857
0.0921986
0.0784314
0.166667
0.114286
0.211538
0.0508475
0.114286
0.116071
0.132653
0.0618557
0.11
0.0888889
0.237288
0.2
0.173077
0.169811
0.166667
0.25
0.107843
0.174603
0.192982
0.196078
0.176471
0.166667
0.217391
0.0983607
0.107143
0.0934579
0.153846
0.0864198
0.120879
0.0737705
0.0521739
0.169811
0.173077
0.204082
0.156863
0.185714
0.0957447
0.138211
0.0761905
0.16092
0.166667
0.203704
0.183673
0.176471
0.181818
0.150943
0.163265
0.183673
0.214286
0.188406
0.2
0.210526
0.163636
0.163265
0.183673
0.203704
0.218182
0.18
0.142857
0.169492
0.160714
0.214286
0.18
0.18
0.203704
0.180328
0.192982
0.196078
0.196078
0.203704
0.181818
0.215686
0.2
0.142857
0.163934
0.163636
0.140625
0.152542
0.2
0.18
0.181818
0.169492
0.196078
0.204082
0.150943
0.149254
0.15625
0.15942
0.174603
0.245283
0.192308
0.157895
0.16129
0.222222
0.192982
0.169231
0.180328
0.210526
0.209677
0.119403
0.144928
0.123077
0.138462
0.186441
0.181818
0.152778
0.103093
0.118812
0.169355
0.166667
0.165414
0.130081
0.0927835
0.0704225
0.1
0.0877193
0.103448
0.107143
0.0909091
0.127273
0.0933333
0.0958904
0.0945946
0.122807
0.0892857
0.112903
0.135593
0.0925926
0.125
0.145833
0.142857
0.14
0.140351
0.109375
0.16
0.0842105
0.0733945
0.173077
0.113924
0.109375
0.126984
0.0925926
0.0666667
0.0808081
0.114754
0.129032
0.125
0.12963
0.0851064
0.148936
0.208333
0.195652
0.0833333
0.0818182
0.0555556
0.196429
0.188679
0.12766
0.148936
0.130435
0.139535
0.0769231
0.107143
0.0894309
0.0775194
0.183673
0.0918367
0.1
0.218182
0.103896
0.216667
0.135593
0.0897436
0.0490196
0.153846
0.156863
0.12069
0.137931
0.111111
0.0818182
0.0578512
0.114286
0.160714
0.140351
0.142857
0.148148
0.106383
0.130435
0.133333
0.162791
0.056338
0.0632911
0.0609756
0.145833
0.130435
0.136364
0.181818
0.06
0.0769231
0.0659341
0.2
0.0810811
0.105769
0.166667
0.178571
0.0833333
0.0769231
0.2
0.133333
0.0724638
0.0888889
0.0642202
0.148936
0.132075
0.038961
0.075
0.0810811
0.169811
0.173077
0.160714
0.12963
0.183673
0.117647
0.0729167
0.0784314
0.0555556
0.0833333
0.15873
0.166667
0.148148
0.145833
0.148936
0.159091
0.162791
0.0465116
0.0588235
0.0916031
0.181818
0.1875
0.0608696
0.0740741
0.047619
0.148936
0.188679
0.110345
0.0689655
0.0686275
0.189655
0.0933333
0.101266
0.1
0.126761
0.0972222
0.0145985
0.0588235
0.0963855
0.0594059
0.102564
0.18
0.166667
0.150943
0.12963
0.075
0.0526316
0.084507
0.133333
0.163265
0.169811
0.132075
0.163265
0.152174
0.162791
0.111111
0.0594059
0.0510204
0.0987654
0.136364
0.137931
0.163265
0.152174
0.162791
0.106061
0.0705882
0.0588235
0.0963855
0.115942
0.148936
0.16
0.13
0.0842105
0.0833333
0.0630631
0.203704
0.0864198
0.05
0.0561798
0.0864198
0.0520833
0.0782609
0.0555556
0.163265
0.1875
0.192308
0.203704
0.0526316
0.0597015
0.0853659
0.0789474
0.125
0.172414
0.163265
0.192308
0.16
0.191489
0.209302
0.0689655
0.0462963
0.0957447
0.144928
0.140625
0.170213
0.0652174
0.0810811
0.0791367
0.0520833
0.126761
0.101449
0.173077
0.176471
0.0808081
0.0754717
0.0377358
0.0769231
0.0531915
0.091954
0.189655
0.163265
0.14
0.153846
0.212766
0.244444
0.0851064
0.12037
0.145161
0.160714
0.142857
0.16
0.212766
0.195652
0.0650406
0.121622
0.0555556
0.11828
0.0897436
0.16129
0.09375
0.0530973
0.134615
0.192308
0.1875
0.18
0.257576
0.0957447
0.0961538
0.0970874
0.0865385
0.0636364
0.163636
0.169811
0.188679
0.1875
0.122449
0.203704
0.207547
0.166667
0.145833
0.214286
0.15942
0.188679
0.2
0.188679
0.166667
0.148936
0.188679
0.181818
0.163265
0.22449
0.210526
0.148148
0.166667
0.203704
0.172414
0.12963
0.163265
0.183673
0.222222
0.183333
0.145455
0.163265
0.2
0.169811
0.115385
0.163265
0.163265
0.169811
0.169492
0.129032
0.155172
0.18
0.163265
0.163636
0.140351
0.142857
0.145833
0.145455
0.109375
0.126984
0.106061
0.114754
0.16
0.14
0.107143
0.131148
0.150943
0.142857
0.126984
0.15
0.175439
0.147541
0.119403
0.119403
0.109375
0.117647
0.125
0.155172
0.109375
