42.1875
41.8462
41.3265
43.0303
42.6804
41.3904
41.3684
38.3544
37.7922
37.4026
36.338
36.0811
43.1633
43.2487
42.3158
42.3
41.8182
41.3265
41.7526
41.8085
40.9091
42.6738
37.6829
39.1617
39.4186
38.5185
38.2822
39.1617
35.5862
36.4865
36.7105
37.1053
37.4026
36.338
36.1644
36.5753
36.8
36.6906
36.25
36.1644
42.1622
41.875
41.2903
41.4433
40.9231
41.5385
42.6396
42.2798
39.1667
43.0769
42.3158
41.8085
41.3265
41.2308
41.5152
42.2449
42.3711
37.0992
36.4557
37.0701
37.4074
36.6234
36.3871
36.8354
36.9811
36.3265
36.4
36.5563
36.3871
37.0701
36.087
35.5862
36.1644
36.4865
36.5563
35.9211
36.7883
35.8333
36.5753
36.3265
36.8889
35.493
42.4309
42.2798
41.658
41.5625
43.1351
42.2222
42.5
42
41.9689
41.0526
41.9388
42.4242
42
35.5556
36.75
36.6879
36.6038
36.3871
36.9231
36.6879
35.4745
36.4865
36.5563
36.8627
36.7742
36.3871
36.0839
35.9184
36.4865
36.5563
37.1053
37.5484
42.8125
41.9048
41.8085
41.4433
41.1518
40.8511
41.7526
41.875
39.8802
43.299
41.9048
41.0695
41.3471
41.4433
40.7865
32.6667
36.2338
36
36.4557
35.625
39.021
40.8
41.2088
41.3904
40.4348
41.0695
36
39.7403
41.0714
41.5135
40.9524
40.6349
41.0526
40.8511
41.466
37.0833
31.7143
32.7273
30.7692
35.3271
37.1901
38.9062
40
39.8781
30.3797
30.8108
28.3146
33.0435
29.5652
29.6104
30.9091
31.2
32.6316
45.122
45.25
45.0633
45.8964
45.9524
46.6397
46.8293
48.9401
48.3333
48.2791
49.1707
49.2233
46.8354
46.0408
45.3659
44.9393
44.874
45.126
46.0241
46.2097
46.3071
46.0976
47.3395
47.6395
47.1053
47.6233
48.0531
47.0886
49.901
49.1707
48.9855
48.5167
48.4058
48.75
48.9552
49.0099
48.7685
48.878
48.731
48.5427
48.6
47.2727
45.9414
44.5
44.0664
44.8163
45.12
45.1793
45.4839
43.6667
47.1245
46.1157
44.7581
44
44.7541
45.0612
45.4762
45.4183
46.8996
48.2857
47.6056
48.4058
48.4058
48.1731
47.5962
48.9552
48.7685
48.2353
47.9412
47.767
48.6154
48.731
48.7879
48.3
48.3
48.0597
48.377
48.3077
48.1818
47.8173
48.3871
48.3158
44.3902
45
44.087
37
46.6957
45.8228
44.4915
43.5897
43.6134
44.5783
44.5783
45
39.5349
47.4757
47.122
47.1429
47.8218
47.5862
47.2277
44.6591
47.9397
48.2412
47.9397
48
47.7
47.1186
47.9381
48.1218
47.8788
47.8173
47.5758
47.2811
46.4602
45.974
44.8069
43.5897
43.8655
44.6218
44.6809
42.6738
33.9759
46.9911
45.5696
45
43.3766
43.3195
47.5127
45.6667
47.9397
47.0352
44.6591
45.3191
44.5545
43.8889
44.6637
44.5333
44.4545
40.2685
45.8427
45.8291
45.2093
44.2534
43.8261
44.0175
44.6753
44.5415
42.7586
33
34.2857
34.9367
37.3469
39.8361
41.4389
42.2069
44.1573
44.7668
39.1071
34.0741
37.2973
31.4754
31.3043
35.1724
32.8767
34.2857
47.1795
46
44.9372
47.5949
46.8595
46.6667
45.9836
49.1707
49.5146
49.4634
49.3194
49.5918
48.1081
47.8947
47.2727
45.7143
45.3219
45.1883
46.4198
46.9456
46.9565
48.2609
49.2453
47.6316
47.1616
48.2192
48.5455
48.1057
49.43
49.6447
49.3939
49.4472
49.2
49.2
49.0625
48.9231
49.2308
49.1753
49.1489
48.75
48.866
47.7273
47.8924
46.9683
46.2555
45.6757
46.0345
46.9787
47.5862
45.9016
48.0543
48.2143
47.5221
46.2338
45.4545
45.4468
46.6946
47.4894
46.6667
49.5
49.064
49.3939
49.1457
49.1457
48.8442
49.4845
49.2308
48.4264
48.4264
48.4848
48.254
48.377
48.4375
48.4375
48.8083
48.866
48
48.1915
48.3158
48.3158
47.8689
48
47.1429
47.3684
46.6981
37.8261
48.2791
47.8378
46.5138
45.5556
45.8824
46.5789
47.069
47.2973
41.9512
48.4848
48.1218
45.7803
48
48.0612
47.9381
45.4335
48.4375
48.4375
48.125
47.9381
47.9381
48.1283
48.254
48.3158
47.7487
47.7487
47.5648
48.5854
47.7143
47.0423
46.7606
45.4976
46.0465
47.0642
47.0852
45
35.1515
48.8235
47.9439
47.7778
47.3973
47.3684
46.7027
47.2539
47.1875
45.8427
31.875
45.9259
46.129
45.9701
46.0194
46.4423
46.3768
42.3529
45
46.7368
47.0588
45.7426
44.9275
45.7971
46.5714
47.1233
44.7205
31.875
35.2
33.8462
41.5
42.24
43.5556
45
45.6522
37.8947
33.6585
38.9189
33.6842
31.9355
35.0649
40.181
40
40
38.9362
38.0952
39.1304
34.4056
36.6102
39.4595
39.6476
38.6842
37.3991
40.3687
40.0948
40.274
40
39.8206
38.9041
34.5205
34.4
33.617
36.7539
36.3158
33.617
33.4286
35.2747
33
33
35.9302
31.4894
40
39.9095
40
39.6429
39.095
39.4737
39.292
39.292
38.5946
38.1522
34.5
38.1281
38.7879
34.4056
33.5664
35.9358
33.5664
32.9577
32.9577
35.5435
36
32.5352
32.766
32.5714
36.4641
36.2637
32.3404
32.5714
35.4545
32.1739
35.1219
27.5294
37.0909
39.9107
39.823
39.375
38.9474
38.4753
39.2105
39.638
39.633
37.4118
39.9043
40
39.095
39.0135
39.1189
38.8546
39.2825
39.095
39
34.1722
35.0649
36.5079
36.8254
33.6986
33.5172
33.5172
36.2567
36.0638
33.1034
32.5
32.7273
36
36.129
32.5352
33
32.5714
36.0656
33.2374
32.5714
31.0638
35.9341
36.2637
32.3741
32.3741
35.6571
35.8011
39.8182
40.0922
39.6226
32.9032
40.0922
39.7333
39.0266
39.292
39.4595
39.8206
40.274
40.1835
39.9083
33.3333
37.8
38.3168
34.4595
33.8776
36.5079
36
33.1034
33.5172
33.1034
36.0638
33.1034
32.7273
33.1469
35.9358
36.129
32.5352
32.5714
32.6087
36
36.129
32.4088
31.9424
32.1429
35.8696
27.5862
32.8571
39.5327
39.726
40
40.2703
40.3636
39.5392
37.0909
31.7949
36.5363
27.3333
36.6857
38.7097
39.375
39.726
40
38.8732
38.4236
36.7539
36.7021
36.5079
33.75
33.75
36.383
36.383
32.9167
33.1034
32.7273
35.9358
35.7447
31.8621
32.3077
36.129
32.0548
33.1707
40.7442
40.0909
38.9862
34.6154
30.3158
29.6703
31.5464
37.8947
40.5479
40.1835
40.0909
38.972
35.3846
27.1579
36.7539
36.4398
36.8254
36.6316
36.383
33.1034
36.2567
36.0638
32.9167
32.0548
36.129
36.2567
32.5234
38.6885
39.4203
34.1606
30.3093
36.7021
36.5775
36.0638
36.383
36.1905
35.7447
28.7234
31.8919
37.0701
36.0784
28.6047
36.5775
40
39.9095
39.5455
38.6387
38.0645
38.6341
33.3333
35.3933
39.2627
39.4595
39.4667
39.4667
40.5634
40.0962
40.0922
40
39.8206
39.2727
33.5172
34.0541
33.4286
36.5079
36
33
33.4783
35.8011
32.3741
32.3741
35.5814
30.6383
40.2778
40.1835
39.8157
39.3578
39.7297
39.2
39.0135
39.292
38.3607
37.9121
34.8
38.4236
38.5075
32.5
32.9577
35.8696
31.7391
32.766
32.8058
35.8011
35.7377
33
32.3741
32.1429
35.6667
36.3333
32.1739
31.7391
35.5172
31.5328
34.7561
30.9474
36.506
39.726
39.726
38.4112
39.638
39.7297
39.5516
39.638
39.8157
37.7647
39.3204
39.4521
39.5455
39.4595
39.638
39.638
38.9333
39.1892
39.3665
33.0201
34
35.8696
36.3243
33.1034
32.5
32.0833
35.5435
35.8065
32.9577
32.766
32.3404
35.7377
35.8696
33
32.3741
32.1739
36
32.4088
31.5328
31.7391
35.3333
35.6044
31.5328
35.1724
35
40
40.4717
39.6226
35.7353
39.9043
39.0826
39
38.8073
39.638
40
40.0922
40.3738
39.907
34.9315
38.1818
38.0711
33.5172
33.3333
36
35.8065
33.5664
32.9167
32.9167
35.8696
32.3077
32.5352
33
35.9341
35.7377
32.766
32.1739
31.5328
35.9341
36.1326
31.7647
31.7391
31.5328
35.6044
35.5862
38.8235
39.5392
39.5327
39.8157
39.907
39.6226
37.1779
33.1707
30.2609
38.1818
39.1667
39.4521
39.4444
39.4521
39.1429
38.0412
36.5775
35.2941
35.9358
33.1469
33.1469
35.9341
35.6757
33.5664
32.3077
32.3404
35.6044
35.4098
32.1127
32.3404
31.9424
36.1326
34.2188
40.4717
39.8157
40
34.6939
29.6842
30.6522
27.6923
37.5439
39.7222
39.9083
40
39.2417
34.5833
29.0323
36.9474
36.8254
36.0638
36.0638
35.9358
36.2567
36.3243
35.7377
35.3513
32.1127
32.1127
35.9341
35.7377
29.4545
39.4565
39.403
34.8252
30.8738
36
36
36.1957
35.2174
35.6757
30.8257
32.1429
31.6484
37.037
36.75
30.6383
35.8696
54.1353
53.6364
53.6364
54.0458
53.8095
52.8
52.7273
53.4783
50.5512
50.0826
50.9091
53.5385
53.8686
54.1463
54.6774
55.9615
54.5
53.0233
54.375
52.7273
50.88
51.7073
52.562
52.6829
51.5
50.5
50.7692
50.9244
51.2069
51.6788
49.0909
50.2564
50.9774
49.916
50.6557
53.4375
51.9048
51.4286
108.889
59.3023
55.0413
54.359
56.7273
54.8032
53.76
55
54.5038
55.2857
66.3636
54.5455
53.4884
54.1463
56.4356
54.4068
54.5455
52.6619
49.916
51.2821
51
52.437
50.4202
51.3559
50.339
50.9244
49.5652
50.8475
50.1724
49.5652
48.5217
49.7436
49.6552
50.087
50.2439
51.9048
49.916
49.9065
51.6279
50.9091
74.4
60
56.8142
55.5319
55.9322
54.5902
55.2756
53.1707
54.1935
64.4776
55.3846
55.3448
56.1111
55.0413
54.72
55.7143
53.8983
54.6667
50.5785
52.6415
50.8475
50.4202
50.9244
48.5217
49.8305
50.087
50
49.6721
49.8305
50.339
50.1724
48.8136
48.3186
49.6552
49.3805
50.4425
96.3158
57.2973
57.2222
56.6038
54.5902
54.6341
54.6341
54.6341
54.5
49.322
50.5
49.916
49.8305
50.4202
65.7143
57.0588
55.8824
55.2632
55.082
56.0331
56.3158
57.5
60
129
60
57.0588
57.6471
54.7826
55.2381
55.2756
55.2756
56.6129
60
72.7273
75
81.1765
75
57.0874
57.7982
57.3913
56.25
59.0164
64.5283
65.3333
69.3333
109.091
68.4375
69.0566
91.7647
97.2414
101.818
58.3178
57.5258
52.7273
51.6279
54.359
53.3333
53.1298
54.1353
52.8889
53.1707
53.0233
53.1818
49.5238
50.6087
51.9403
52.4476
54.3478
54.2222
54.6341
53.8095
55.0459
54.6341
54.1353
53.5878
53.6842
52.32
51.2195
51
52.5
48.785
53.662
52.3729
50.1724
49.8305
50.6087
52.1168
49.9115
49.8305
50.4545
50
51.1111
51.9149
52.1739
51.4286
115.862
60.6742
54.3307
55.3043
56.2162
53.8983
54.8837
54.5865
54.375
54.1791
63.8095
53.1148
53.3333
54.2857
57.2477
54.7619
53.7063
51.9328
50.8475
50.339
51.4286
51.2069
50.2564
50.6897
50.5
50.8108
50.2564
49.7436
49.6552
49.2683
52.8358
50.5512
49.322
49.6552
49.2308
51.9048
48.9474
49.916
51.9403
52.4476
50.9774
76.9565
53.5
54.0541
55.514
55.3488
54.6774
54.0984
54.0984
55.3125
62.3377
54.5455
54.2609
56.5049
55
54.4186
54.3307
55.1613
55.3125
53.0579
50.9734
50.5
51.3559
49.5652
50.2439
51.2821
50.8475
51.2821
50.087
50.0826
50.6897
50.2564
50.1724
49.4737
49.2308
49.6552
49.2308
50.8065
90
57.0588
55.7143
55.4286
54.72
55.082
54.1935
54.958
54.5
50.4202
50.2564
51.2069
49.7436
49.6721
68.5714
56.9388
56.7273
56.0331
55.3448
55.4622
56.1468
57.6238
59.1045
115.2
63.5294
56
55.7576
54.6341
54.3103
55.1613
54.3103
53.6538
50.4202
58.5
78.75
76.6667
70
62.7907
69.8361
57.1698
56.1468
57.8947
58.1443
59.2105
63.3333
63.913
60.8333
128.276
66.6667
69.8361
95.2941
116.129
111.429
58.1443
56.6038
53.5385
52.5547
55.2174
54.5833
54.2069
56.5957
55.1825
52.766
52.5547
53.75
48.9076
50.625
51.3636
54.1259
54.2857
54.9296
55.2518
56.3793
55.0376
54.4286
54.0426
53.7063
52.8358
52.9688
52.9688
52.093
52.6829
55.5705
49.7674
50.5512
50.625
51.36
52.2581
50.4
50.4762
51.6279
51.6393
51.5625
50.8397
51.1765
94.2857
59.3939
55.1471
55.4545
56.6929
55.0746
54.965
53.75
55.2857
55.1678
67.8689
55.0376
53.7931
53.8095
55.1351
54.2857
51.7557
51.2977
51.9685
51.1628
50.7692
50.5512
50.4762
51.4286
50.1562
50
51.36
50.9524
50.8065
50.9524
50.4
50
51.0938
54.0458
50.7317
50.5
52.0312
51.4925
53.8095
66.2687
56.3636
57.541
57.12
55.4167
55.3191
54.6207
54.8936
54.7826
63.4091
55.6835
56.1429
56.6667
55.7143
55.3846
55.2
55.6835
55.3191
50.2222
49.6875
50
52.0312
51.6923
50.7692
51.1628
51.0938
50.88
49.8462
51.2195
50.9524
50.7317
50
51.36
50.3226
50.6557
49.7561
50.4202
87.6923
57.9661
57.6923
56.9748
56.5217
54.4681
54.5038
54.8936
55
50.625
52.5
51.4961
50.1562
50.88
67.9412
56.4407
56.4179
56.2205
55.6098
55.3191
56.0294
58.3784
60.7407
96.7742
62.2785
56.25
57.0248
57.2932
55.2857
54.0984
55.4483
56
53.0769
53.5
50.5512
58.2353
71.1628
69.4737
66.1224
70.9091
69.375
57.9487
55.7812
56.4103
56.5049
59.2208
62.1053
65
113.684
65.6
67.9412
86.5116
100
98.0488
58.9655
57.4576
52.6027
52.5
51.9403
52.4476
52.4503
52.549
51.6923
51.8571
53.1429
52.6619
51.6279
51.6176
52.5547
53.75
50.5512
51.6923
51.3043
52.6619
54.9618
54.5038
54.8201
54.9296
53.0233
53.4307
53.7778
53.2394
53.75
53.8776
53.76
52.9688
52.4444
51.5436
52.6923
54.3038
54.2466
53.5
52.32
52.9688
53.5714
52.6531
53.625
52.8814
52.5
53.7097
53.9189
53.4694
52.4051
51.7241
50.1724
51.4286
50.9524
51.3043
52.9655
51.5924
49.9115
49.6552
50.6557
50.9091
50.7042
50.8965
49.5
50.1562
49.7778
56.25
55.7895
55.6098
54.375
55.0376
55.7143
55.4717
55.5372
55.2381
53.3333
54.8276
54.1463
53.245
53.7931
53.5
53.1325
51.8182
51.2821
52.1739
51.1927
49.7297
49.8214
52.8
50.3846
50.8571
49.8113
49.7297
51.4286
50.4
50.7097
49.5146
49.2453
48.4211
49.7561
50.0752
51.6788
46.3636
63.5294
62.2222
55.7895
56.2887
62.6471
60
60.6977
57.3451
52.9134
56.2205
58.75
61.3793
58.6207
57.9775
55.2941
52.9134
52.1053
51.8182
49.4444
50.7692
50.303
48.8235
48.8235
48.4848
48.2474
46.8
50.3077
86.9388
80.3774
70.3448
62.069
55.5224
53.4066
54.2308
49.1429
49.0909
46.4706
