0.923077
0.928571
0.92891
0.965854
0.946341
0.921182
0.913462
0.981366
0.974684
0.987179
0.986111
1
0.965517
0.960976
0.917874
0.947867
0.938389
0.92891
0.932692
0.903846
0.866995
0.912195
1
0.912568
0.910053
0.9
0.905556
0.902703
0.97973
0.993289
1
0.993464
1
0.993007
1
1
1
0.985816
1
1
0.91133
0.927536
0.889952
0.919431
0.919811
0.928571
0.956311
0.946078
0.827586
0.960591
0.917874
0.903846
0.924528
0.924171
0.938389
0.94686
0.946341
0.803681
1
0.98125
0.987805
1
0.99359
0.993711
0.99375
1
1
0.993421
1
1
0.985714
1
1
1
1
1
0.992754
1
1
1
0.992647
1
0.923469
0.932367
0.927885
0.923077
0.943878
0.931035
0.927536
0.909091
0.919048
0.904762
0.937799
0.956522
0.935961
0.710526
0.981595
0.987421
0.99375
1
1
0.993671
0.872611
1
1
1
0.99359
0.981013
1
1
1
1
1
1
0.96
0.917476
0.908213
0.919431
0.905213
0.895238
0.932692
0.923077
0.860825
0.97
0.921951
0.894737
0.914692
0.919431
0.851675
0.666667
0.956522
0.987261
0.993711
0.847682
0.733333
0.853659
0.879227
0.907767
0.888889
0.903382
0.764706
0.823529
0.844221
0.898058
0.9
0.895735
0.909091
0.903846
0.918269
0.765957
0.551181
0.583333
0.59542
0.681529
0.733333
0.748538
0.84375
0.832487
0.598485
0.578125
0.626761
0.547619
0.543307
0.57037
0.519685
0.585938
0.682635
0.97619
0.948617
0.936759
1
0.996047
0.984064
0.97619
0.986364
0.990826
1
1
1
1
1
0.98008
0.976285
0.940711
0.940711
0.992032
0.984127
0.967871
1
1
0.983122
0.953975
0.965368
0.982609
0.983402
1
1
1
1
0.995192
1
1
1
1
1
1
1
1
1
0.991701
0.96
0.956349
0.972222
0.992063
1
1
0.873786
1
0.995885
0.988048
0.948617
0.964427
0.972222
1
1
0.950207
1
1
1
1
1
1
1
1
1
1
1
1
1
1
1
1
1
1
1
1
0.98995
1
1
0.984
0.987854
0.938776
0.754717
1
0.9875
0.955466
0.932271
0.944444
0.992032
0.996
0.963265
0.716667
1
1
0.984925
1
1
1
0.951351
1
1
1
1
1
0.931579
1
1
1
1
1
1
0.995595
0.987179
0.96281
0.943548
0.959677
0.971429
0.959184
0.85
0.588652
1
0.991632
0.958678
0.924
0.956349
1
0.923077
1
1
0.911917
0.866359
0.885965
0.915254
0.944915
0.949367
0.920502
0.748744
0.903553
0.912844
0.942982
0.932489
0.946502
0.946281
0.9625
0.946281
0.813084
0.472441
0.551181
0.576642
0.649007
0.701149
0.755435
0.763158
0.855769
0.861607
0.670659
0.632812
0.75
0.462121
0.511111
0.587838
0.532847
0.591549
0.983193
0.97561
0.956
1
0.995885
0.987805
0.972112
0.971564
0.995169
1
0.97449
0.994924
1
0.995633
0.982979
0.950617
0.94332
0.959839
0.995902
0.983539
0.966387
1
1
0.987013
0.974468
0.977679
0.986547
0.978448
0.989744
1
1
1
1
1
0.994819
1
1
0.989796
0.994709
1
1
1
0.991111
0.95671
0.957806
0.92887
0.966667
1
1
0.901478
1
0.99115
0.978355
0.966527
0.946721
0.963115
1
1
0.936652
1
1
1
1
1
1
1
1
1
1
1
1
1
1
0.994819
1
1
1
1
1
0.989583
1
1
0.973913
0.995633
0.933921
0.676471
1
0.995516
0.947826
0.923077
0.940426
0.974359
1
0.969432
0.736527
1
1
0.950549
1
1
1
0.961111
1
1
1
1
1
1
1
1
1
1
1
0.995146
0.981308
0.968182
0.946667
0.917391
0.938865
0.960352
0.973799
0.86385
0.707143
0.990291
0.995349
0.977376
0.969027
1
1
1
1
0.967391
0.537815
0.80198
0.869159
0.913636
0.932127
0.945455
0.932432
0.73913
0.876405
0.917874
0.948837
0.90991
0.911894
0.92
0.941704
0.969027
0.809045
0.528926
0.576923
0.6
0.705882
0.726744
0.758427
0.836735
0.86385
0.629139
0.66129
0.755102
0.463415
0.488189
0.55
1
1
0.995516
0.974093
0.994737
0.995192
1
0.994382
0.991071
0.995614
0.987013
0.957082
1
0.995283
0.995455
1
0.986726
0.977679
1
1
1
1
1
1
1
0.994536
1
1
0.99422
1
0.995455
0.995495
0.995516
0.99115
0.969298
0.991304
0.982609
0.978355
0.984043
0.989247
0.993789
0.980676
0.985075
1
1
1
1
1
1
1
1
1
1
1
1
1
1
1
1
1
0.993939
0.620438
0.863874
1
0.995595
0.982456
0.991304
0.969565
0.991304
0.986607
0.981982
0.913979
0.990521
1
0.977876
0.97807
0.991266
0.982684
0.973799
0.969298
0.969163
1
0.993548
1
1
1
1
1
1
1
1
1
1
1
1
1
1
1
1
1
1
1
1
1
1
1
1
1
0.995475
0.995413
0.981481
0.751515
0.986364
0.991189
0.9869
0.991228
0.986667
0.995536
0.995455
0.995434
0.968889
1
0.990099
1
1
1
1
1
1
1
1
1
1
1
1
1
1
1
1
1
1
1
1
1
1
1
0.625899
0.741176
0.959641
0.977679
0.986486
1
1
0.990868
0.87766
0.735849
0.806306
0.647482
0.870647
0.951754
0.986784
0.977679
0.991071
0.981567
0.975962
1
1
1
1
1
1
1
1
1
1
1
1
1
1
1
1
0.759259
0.990783
1
0.973094
0.825397
0.678571
0.654676
0.678322
0.881443
0.995455
0.990909
0.990991
0.968326
0.847826
0.650685
1
1
1
1
1
1
1
1
1
1
1
1
0.743056
0.892683
0.96729
0.815476
0.687943
1
1
1
1
1
1
0.681159
0.804348
0.857924
0.859551
0.641791
1
1
1
0.995475
0.97449
0.989362
0.995146
1
0.988889
0.9819
0.995516
1
1
1
0.995215
0.995413
1
1
0.995475
1
0.993289
1
1
1
1
1
1
1
1
0.99422
1
1
1
0.986364
0.981982
0.995516
0.995575
0.986726
0.995595
0.97861
0.98913
1
1
1
1
1
1
1
1
1
1
1
1
1
1
1
1
1
1
1
1
0.993939
0.708955
0.878307
0.99095
0.986486
0.955357
0.991031
0.995516
1
1
0.990868
0.923913
0.985646
0.995455
0.990991
0.995516
0.991031
0.991031
0.995575
0.991071
0.991031
1
1
1
1
1
1
1
1
1
1
1
1
1
1
1
1
1
1
1
1
1
1
1
1
1
1
1
1
1
0.819277
0.972093
0.977578
0.982143
0.977578
1
1
1
1
0.977273
1
1
1
1
1
1
1
1
1
1
1
1
1
1
1
1
1
1
1
1
1
1
1
1
1
0.805556
0.93578
0.986364
0.977169
0.990868
0.990783
0.990654
0.88587
0.78344
0.680473
0.902564
0.972973
0.986486
0.977376
0.99095
0.981308
0.941748
1
1
1
1
1
1
1
1
1
1
1
1
1
1
1
1
0.766467
0.995305
1
0.995392
0.835227
0.693431
0.681481
0.640845
0.88601
0.995392
1
1
0.97235
0.804469
0.664286
1
1
1
1
1
1
1
1
1
1
1
1
1
0.723684
0.929293
0.961722
0.846154
0.735714
1
1
1
0.989247
0.994624
0.79562
0.817518
0.705426
0.861702
0.893855
0.717557
1
0.841772
0.835443
0.840764
0.839744
0.823529
0.874126
0.90411
0.907895
1
0.975806
0.916667
0.81761
0.878205
0.803922
0.789809
0.645963
0.764331
0.816456
0.815287
0.830189
0.912409
0.968504
0.930769
0.953488
0.983607
0.96
0.966942
0.97541
0.95082
0.978571
0.901639
0.966942
0.93007
0.97541
0.903704
0.771084
0.84
0.904762
0.375
0.688
0.775641
0.73125
0.691824
0.808917
0.801282
0.846154
0.839744
0.903226
0.622642
0.852113
0.854305
0.773585
0.63125
0.751592
0.857143
0.88535
0.944444
0.943548
0.97561
0.97541
0.96748
0.967213
0.95935
0.983471
0.942623
0.967213
0.966667
0.942623
0.934959
0.966942
0.958678
0.958333
0.924812
0.868966
1
0.90678
0.921429
0.88
0.431034
0.876812
0.724359
0.594937
0.771242
0.792208
0.819355
0.78344
0.794872
0.54918
0.754839
0.72956
0.675
0.79085
0.816993
0.818182
0.751592
0.865385
0.945312
0.929825
0.95935
0.96748
0.96748
0.92
0.951613
0.942623
0.97561
0.99187
0.967213
0.975207
0.966667
0.983333
0.941667
0.97479
0.94958
0.974138
0.44186
0.75
0.687898
0.670886
0.787097
0.793548
0.788462
0.788462
0.774194
0.951613
0.983607
0.97541
0.967213
0.97541
0.547826
0.658065
0.649682
0.735484
0.797386
0.79085
0.754967
0.727273
0.563636
0.266667
0.682171
0.641509
0.641509
0.741935
0.818182
0.824675
0.819355
0.821192
0.649254
0.366667
0.373333
0.395349
0.452174
0.664516
0.707792
0.761589
0.70073
0.564815
0.540816
0.511364
0.463918
0.33
0.418301
0.407692
0.280992
0.273585
0.351064
0.699346
0.651007
0.90411
0.948529
0.754839
0.849057
0.823899
0.841772
0.870968
0.86014
0.889655
0.862745
1
0.934959
0.943662
0.934641
0.8625
0.870968
0.809211
0.797468
0.668712
0.778481
0.847134
0.829114
0.847134
0.954198
0.960938
0.916031
0.930233
0.877049
0.865854
0.967213
0.95082
0.951613
0.942623
0.931973
0.933884
0.967213
0.923077
0.95
0.957447
0.927632
0.92
0.904762
0.371795
0.689922
0.808917
0.72327
0.69375
0.746835
0.826923
0.847134
0.820513
0.858974
0.61165
0.853147
0.834437
0.7875
0.685535
0.802548
0.905063
0.959677
0.951613
0.951613
0.910569
0.943089
0.951219
0.95082
0.983607
0.902439
0.959016
0.959016
0.95082
0.991935
0.887417
0.852349
0.95935
0.966667
0.966942
0.913043
0.919355
0.991667
0.957143
0.959732
0.898649
0.45098
0.769231
0.69375
0.660494
0.832258
0.805195
0.782051
0.77707
0.825806
0.620968
0.770701
0.714286
0.651899
0.779221
0.832258
0.814103
0.794872
0.831169
0.975806
0.889764
0.967742
0.967213
0.934959
0.991935
0.959016
0.967213
0.975
0.942623
0.98374
0.966667
0.966942
0.97479
0.942149
0.975
0.966667
0.983193
0.96124
0.4
0.684564
0.704403
0.660377
0.801282
0.787097
0.794872
0.772727
0.769231
0.96748
0.951219
0.958678
0.959016
0.983871
0.462264
0.616352
0.705128
0.780645
0.753247
0.777778
0.726667
0.753731
0.603604
0.324675
0.548387
0.652174
0.61875
0.788462
0.763158
0.810458
0.748387
0.658228
0.96748
0.601504
0.380952
0.473684
0.357143
0.467391
0.508333
0.679487
0.694268
0.765101
0.713235
0.672566
0.55102
0.516854
0.631579
0.245763
0.406452
0.462121
0.272
0.226277
0.271845
0.642384
0.69281
0.970149
0.992754
0.8625
0.89441
0.90625
0.898089
0.878205
0.946309
0.913333
0.953642
1
0.992248
0.970588
0.882716
0.93038
0.904459
0.874214
0.698795
0.826087
0.880503
0.875776
0.888199
0.985294
0.969697
0.948148
0.948529
0.97619
0.949045
0.984733
0.992188
0.984615
0.984252
0.925373
0.976562
0.992126
0.977273
0.983871
0.977099
0.97037
0.985507
0.411765
0.761538
0.860759
0.819876
0.77439
0.832298
0.899371
0.89441
0.886076
0.937107
0.580952
0.917241
0.935484
0.782609
0.668675
0.91875
0.984962
0.992424
0.984496
0.992308
0.992366
0.976923
0.969231
0.992126
0.992248
0.976744
0.992063
0.984375
0.992
0.992126
0.992063
1
0.969697
0.977612
1
0.97561
0.977099
0.985294
0.976744
0.650485
0.851613
0.767296
0.786164
0.911392
0.892405
0.91195
0.886792
0.867925
0.709677
0.88535
0.875
0.773006
0.89172
0.905063
0.943396
0.879747
0.892405
1
0.984615
0.992481
0.992248
1
0.984848
0.992308
0.992248
0.984252
1
0.968504
0.992126
0.984
1
0.984252
0.992
0.983871
0.984
0.96748
0.47561
0.791946
0.81761
0.73913
0.878981
0.88125
0.823899
0.886792
0.840764
0.992248
1
0.992188
0.984615
0.976562
0.586207
0.7375
0.832298
0.814103
0.793548
0.898089
0.866242
0.840909
0.716814
0.442857
0.632
0.795031
0.751553
0.852564
0.886076
0.792208
0.929487
0.955414
0.896552
0.902256
1
0.733813
0.518072
0.506667
0.569767
0.494382
0.566372
0.754839
0.805031
0.764706
0.741007
0.675439
0.581633
0.551724
0.413043
0.474684
0.511278
0.358333
0.333333
0.445652
0.748387
0.776316
0.979866
0.993464
0.964029
0.986207
0.980519
0.950311
0.977444
0.992908
0.921053
0.847561
0.992308
0.992701
0.919463
0.911392
0.992188
0.992366
0.978723
0.902597
0.891156
0.891156
0.939189
0.940397
0.941606
0.958042
0.924658
0.928105
0.888889
0.864706
0.984252
0.969697
0.985401
0.973856
0.923077
0.913295
0.83908
0.96
0.984252
0.992248
0.823529
0.859649
0.924855
0.975207
0.96
0.96875
0.91358
0.885542
0.951807
0.97479
0.991453
0.991667
0.992126
0.985714
0.960265
0.987421
1
0.991453
0.99187
0.992481
0.993007
0.97973
0.991736
0.992248
1
0.835821
0.838235
0.86014
0.864865
0.904762
0.84
0.6625
0.916667
0.933333
0.745562
0.97479
0.968504
0.867816
0.97479
0.967742
0.954023
0.956522
0.983193
0.964072
1
0.991071
1
0.974026
0.957055
1
0.990654
1
0.992908
0.993378
0.99359
1
0.990654
0.991304
1
1
1
1
0.685484
0.604478
0.791667
0.678322
0.596491
0.684211
0.688
0.807143
0.852349
0.869863
0.711111
0.635036
0.737288
0.723577
0.85
0.984496
0.974359
0.982143
0.981818
0.981132
0.99
0.990291
1
1
0.989796
0.990099
0.992366
0.355072
0.363014
0.42029
0.644444
0.683673
0.866667
0.954128
0.972222
1
0.962264
0.818182
0.769841
0.687747
0.574803
0.47619
0.487705
0.826087
0.806167
0.794258
0.722222
0.662162
0.929577
0.929078
0.902098
0.262948
0.273092
0.613861
0.846774
0.828685
0.822134
0.770751
0.683794
0.521739
0.376984
0.404082
0.849057
0.902439
0.895954
0.88587
0.922078
0.937931
0.931507
0.944828
0.951049
0.964539
0.957143
0.895833
0.958042
0.971631
0.950355
0.93662
0.929577
0.93617
0.254902
0.82377
0.830645
0.824701
0.772908
0.662698
0.472222
0.261905
0.271255
0.472826
0.841463
0.836
0.829365
0.802372
0.852113
0.924138
0.900709
0.9375
0.944828
0.965517
0.958333
0.916667
0.944444
0.958333
0.958333
0.965035
0.964789
0.964789
0.878378
0.944444
0.944056
0.951049
0.943662
0.923611
0.930556
0.937063
0.924658
0.85443
0.0875912
0.658879
0.809717
0.804
0.768924
0.646825
0.444882
0.242063
0.228916
0.0571429
0.753191
0.825911
0.815261
0.771084
0.665339
0.454545
0.250996
0.304878
0.884058
0.907143
0.951389
0.931035
0.951389
0.880282
0.937931
0.944828
0.944444
0.944444
0.951724
0.965986
0.972603
0.965753
0.931035
0.931035
0.932432
0.668182
0.813008
0.788
0.753968
0.662698
0.452756
0.252964
0.246964
0.866197
0.917808
0.835391
0.803279
0.789474
0.729839
0.678862
0.532787
0.379167
0.294686
0.211765
0.776371
0.812245
0.799197
0.753968
0.684
0.525692
0.266129
0.268293
0.237762
0.22069
0.208333
0.183099
0.54359
0.756522
0.666667
0.538462
0.443182
0.230263
0.204969
0.0441176
0.255172
0.302013
0.243056
0.227586
0.354037
0.587065
0.822134
0.774704
0.687747
0.570866
0.470356
0.826087
0.812227
0.790476
0.717593
0.657658
0.914894
0.93617
0.902098
0.267717
0.264
0.618357
0.831325
0.840637
0.822134
0.770751
0.675889
0.521739
0.379447
0.392713
0.851852
0.902439
0.901163
0.880435
0.916129
0.93007
0.937931
0.951724
0.944056
0.950355
0.957143
0.902778
0.93007
0.957447
0.957447
0.915493
0.922535
0.93662
0.24026
0.790984
0.831325
0.820717
0.749004
0.642857
0.474308
0.272727
0.275304
0.424581
0.817073
0.836
0.825397
0.789683
0.843972
0.89726
0.877698
0.923077
0.937931
0.958621
0.937063
0.893617
0.9375
0.951724
0.958333
0.958333
0.971831
0.957447
0.885906
0.944444
0.958333
0.951389
0.929577
0.924138
0.944056
0.951389
0.938356
0.877419
0.0797101
0.630332
0.798387
0.792
0.76494
0.636364
0.43083
0.242063
0.236
0.070922
0.747863
0.819277
0.812
0.751004
0.654762
0.440476
0.25
0.278226
0.846715
0.878571
0.944056
0.958333
0.958621
0.887324
0.937931
0.937931
0.951389
0.951389
0.951389
0.958904
0.952055
0.958621
0.944828
0.951724
0.931973
0.668182
0.809717
0.792
0.765873
0.660079
0.448819
0.252964
0.266129
0.874126
0.938356
0.798319
0.813765
0.790323
0.73494
0.674699
0.544715
0.379592
0.34375
0.359813
0.781116
0.808943
0.796
0.75
0.694444
0.592885
0.281125
0.283401
0.253425
0.232877
0.20979
0.170213
0.497462
0.779661
0.672811
0.568528
0.455056
0.2875
0.224242
0.0642857
0.12987
0.246575
0.295302
0.237762
0.248276
0.351852
0.565
0.891626
0.897674
0.835556
0.682203
0.923077
0.937173
0.939086
0.960396
0.732394
0.951691
0.970588
0.963855
0.947674
0.983146
1
0.978836
0.979058
0.979167
0.973856
0.981013
1
0.994118
0.99422
0.97191
1
1
1
1
0.99359
0.97006
1
0.992647
0.880734
0.811404
0.788793
0.75
0.8
0.933333
0.876289
0.893204
0.866071
0.767544
0.642276
0.925764
0.944954
0.916667
0.868263
0.9
0.91623
0.966019
0.975
0.909677
0.920732
0.973958
0.984375
0.937931
0.952703
0.979021
0.977273
0.966851
0.992593
0.992424
1
0.980263
0.962264
0.9125
0.99187
1
1
1
0.992647
0.958333
1
1
1
0.98374
0.802817
0.772321
0.76087
0.657895
0.653659
0.78392
0.841121
0.80786
0.82906
0.729258
0.782222
0.689119
0.246479
0.783626
0.830688
0.848781
0.715789
0.841463
0.864407
0.92
0.909091
0.958115
0.93662
0.957143
0.944134
0.955882
0.984848
0.908497
0.921212
0.992063
1
0.965517
0.977273
0.923611
0.869281
0.966102
1
1
1
0.976378
0.4
0.537572
0.659794
0.632353
0.47027
0.269737
0.222973
0.634831
0.734694
0.288591
0.670807
0.677632
0.232394
0.22695
0.239437
0.230769
0.892157
0.902778
0.845815
0.683544
0.932735
0.932292
0.924242
0.955665
0.733645
0.961538
0.97561
0.936416
0.983333
1
0.984211
0.979167
0.979275
0.974026
0.987421
1
0.994152
0.988506
0.988764
1
1
1
1
0.993631
0.969697
0.992424
1
0.899543
0.83913
0.811966
0.760684
0.797468
0.934211
0.876289
0.889423
0.88
0.810573
0.686992
0.917391
0.945205
0.95098
0.869048
0.911111
0.927461
0.939815
0.956731
0.985075
0.905063
0.921212
0.979275
0.963542
0.946309
0.97931
0.988701
0.950276
0.985185
1
1
0.980392
0.96875
0.907407
1
1
1
1
0.970803
0.951724
1
1
0.991667
0.976
0.861751
0.823789
0.784483
0.689956
0.673077
0.768844
0.851163
0.822511
0.84322
0.734783
0.800885
0.675258
0.428571
0.77907
0.815789
0.850962
0.748691
0.865854
0.915254
0.92
0.922581
0.958333
0.93007
0.950704
0.95
0.963504
0.969925
0.927152
0.901841
0.984127
1
1
0.977099
0.931035
0.866667
1
1
0.983193
0.968254
0.432099
0.559322
0.676923
0.643902
0.508021
0.305195
0.266667
0.642857
0.752525
0.30719
0.621951
0.713376
0.246479
0.234043
0.251748
0.248276
1
0.992806
0.985185
1
1
1
1
1
1
1
1
0.928105
0.916667
0.941935
0.955128
0.933735
0.974359
0.960526
0.960265
0.965986
0.93617
0.902439
0.903226
1
0.993056
0.978102
0.977612
0.96732
1
1
0.992126
0.992
0.986014
0.992537
1
1
1
1
1
1
1
1
1
1
1
1
1
1
0.945783
0.909091
0.904459
0.935484
0.941935
0.824324
0.912281
0.837209
0.968553
0.973856
0.875
0.82963
0.928571
0.939024
0.925373
0.917293
0.95092
0.968944
0.984375
0.984
0.987013
0.993197
0.991736
1
1
1
1
1
1
1
1
1
1
1
1
1
1
1
1
0.827815
0.766234
0.847682
0.873333
0.75
0.608247
0.817647
0.873494
0.793548
0.901961
0.934641
0.872483
0.685185
0.811765
0.855491
0.924855
0.894737
0.900585
0.946108
0.946108
0.962733
0.993631
0.986928
1
1
1
1
1
1
0.530612
0.588785
0.646018
0.62963
0.548387
0.636364
0.630252
0.748344
0.736486
0.854545
0.885542
0.924528
0.95302
0.972603
0.992857
0.979592
0.949495
0.96
0.98
0.94
0.95098
0.94
1
1
0.916667
0.923529
0.903614
0.93865
0.934911
1
1
0.989691
0.915152
0.922156
0.916667
0.905325
0.911243
0.927632
0.953333
0.979167
1
1
1
0.992754
1
1
0.992754
1
1
0.879518
0.886228
0.916168
0.89759
0.911243
0.917647
0.917647
0.9
0.920245
0.928144
0.904192
0.904762
0.9
0.905325
0.971831
0.992806
1
1
1
1
1
1
1
1
1
1
0.934911
0.893491
0.911765
0.911765
0.809249
0.837349
0.885542
0.909639
0.915152
0.922156
0.905325
0.917647
0.888235
0.933333
0.933333
0.979021
0.979021
0.992958
0.992958
1
1
1
1
1
1
1
0.985401
0.992647
0.525862
0.779762
0.806061
0.837349
0.874251
0.903614
0.916168
0.910714
0.89881
0.904192
0.808824
0.76875
0.798851
0.806061
0.86747
0.904192
0.884848
0.92517
0.959184
0.965517
0.979021
0.986014
0.992958
1
1
1
1
1
1
0.366667
0.72028
0.828221
0.861446
0.844311
0.874251
0.88024
0.878205
0.64486
0.56701
0.376344
0.575
0.770186
0.817073
0.86747
0.86747
0.88024
0.886228
0.892216
0.842466
0.59596
0.434783
0.791045
0.922535
0.958904
0.972603
0.986111
1
1
1
1
0.992754
0.472527
0.442105
0.356322
0.576271
0.765823
0.836364
0.848485
0.872727
0.829932
0.654206
0.53125
0.748031
0.914894
0.993103
0.951049
0.986014
0.484848
0.735484
0.847561
0.755725
0.54
0.444444
0.640625
0.814815
0.835366
0.853659
0.728
0.821705
0.445652
0.451613
0.455556
0.545455
0.706349
0.564356
