196.438
197.368
197.027
197.25
198.75
196.627
197.143
196.744
198.14
197.857
196.744
196.154
198.158
198.228
199.459
198.904
196.364
197.922
199.024
197.727
197.5
199.592
198
205.5
198.571
197.561
197.368
197.561
196.941
196.627
198.353
197.143
197.705
25.0909
199.726
199.737
196.5
196.829
197.857
198.571
197.349
196.923
32.7273
201.509
199.636
198.889
200.769
18
200
196.957
198.75
199.592
198.75
201.25
150
201.081
198.462
199.535
199.091
197.727
201.176
195
196.216
196.923
197.561
194.211
197.25
197.922
198.293
196.829
197.25
197.778
197.561
198.947
195.349
197.872
199.565
30
196.5
197.727
200
198.261
200.426
203.182
190
197.368
198.947
197.561
197.727
199.091
200.426
198.75
194
194.545
196.216
199.024
197.561
196.154
196.5
196.296
197.25
199.231
200
197.037
197.037
196.098
197.349
198.261
205.263
197.561
199.535
197.727
165
197.143
197.26
230
198.228
196.154
198.228
198.701
250
199.701
198.857
199.437
198.857
199.2
196.667
195.75
195.181
194.211
196.098
190.189
194.717
195.714
195
194.824
194.157
195.172
195
195.682
195.385
195
195.385
196.8
196.923
196.744
189.231
192
194.694
195.918
196.471
190.769
190.244
191.163
194.651
196.364
196.047
195.862
195.714
197.528
196.615
30
195
196.047
196.429
195.682
195.529
195.862
195.19
31.5789
197.455
197.143
196.271
196.981
50
191.163
196.596
195.6
196.154
196.471
196.471
200
185
192
192.857
194.667
194.043
199.245
191.667
190
189
192.558
192.857
196.941
198.214
196.429
196.744
196.047
196.429
195.349
194.824
196.235
194.545
194.4
194.118
195.6
150
193.043
195.652
195.918
194.043
196.25
197.872
191.053
189.231
193.953
192.857
195.652
194.348
195.652
191.053
188.333
188.108
193.171
193.953
193.043
194.615
195.949
195.181
196.429
196.296
194
194.634
193.846
195
195
199.286
191.707
193.636
192.558
176
195.949
195.789
355.714
196.923
195.385
196.5
196.709
220
194.795
195.2
195.75
195.714
194.634
196.429
196.098
196.235
196.047
196.552
197.045
195.506
196.364
196.941
195.556
195.211
196.579
195.211
197.143
197.25
197.143
188.276
190.286
193.333
195.429
191.667
192
193.548
187.742
196.047
195.904
196.829
196.235
195.714
196.875
24.9057
196.667
198.14
198.621
195
196.941
196.098
36
193.171
196.364
191.489
196.596
27.6923
190.286
192.727
194.595
194.211
191.667
195
204
190
188.276
194.545
192.727
193.714
194.634
188.182
189.231
190.345
186.923
177.857
196.941
195.904
197.857
196.047
195.904
192
196.667
193.333
195
36.9231
190.714
192.414
196.216
195.789
195
187.5
184.615
188
192.414
193.548
196.216
195
195.882
23.3333
174.286
182.5
192
196.364
196.709
196.709
196.627
196.829
188.571
195
196.709
196.235
192.973
180
198.182
193.548
189.091
180
196.154
195.833
196.5
196.923
196.364
195.616
196.154
194.845
195.464
194.25
195.625
194.845
194.545
195.152
195
190.769
187.5
195.405
180
180
183.871
183.158
196.364
195.306
196.2
195.306
194.545
195.758
196.2
196.893
194.805
194.845
194.4
193.939
195.957
196.421
185.217
189.231
198.367
196.981
182.609
183.158
176.667
190.286
197.368
180
180
193.333
177
198.857
197.714
196.875
196.082
194.851
194.667
196.667
196.429
196.774
197.143
196.471
196.04
195.306
195.918
195
195.957
191.351
188.571
194.634
189.6
187.5
180
173.333
197.143
176.842
176.471
193.714
192
167.368
170
193.333
171
173.684
186.667
198.529
197.143
196.531
194.839
196.082
196.364
196.2
195.625
194.839
195.862
196.452
194.444
196.19
196.531
197.143
195.714
183.158
182.857
183.158
182.857
183.529
186
200
176.471
170
194.595
183.158
173.684
190.588
195.882
28.0645
196.056
197.333
196.701
196.25
196.25
195.918
196.552
42.5
28.7234
26.8085
192.857
196.18
196.774
195.625
197.32
196.875
196.25
195.484
196.056
26.4706
192
185.714
180
183.333
192
180
180
176.471
180
180
172.941
172.5
173.333
25.7143
27.8049
28.6047
55.7143
196.579
196.304
196.421
195.824
197.143
81.8182
29.6703
180
183.529
170
167.143
180
183.333
186.316
26.087
26.5385
195.938
196.854
196.579
36
29.2857
27.1579
189.231
197.647
197.234
197.609
180
166.667
26.3736
25.7143
27.033
25.9091
193.714
37.1429
26.9663
35.2941
26.087
26
199.077
199.175
199.344
199.062
199.585
199.485
199.275
199.375
201.961
200.704
200
202.059
202.336
200.943
202.556
199.476
199.585
199.585
199.375
199.162
199.048
200.782
199.791
199.585
199.585
199.889
199.468
202.878
202.979
201.818
200.917
201.818
202.836
201.379
200.471
202.031
202.326
203.077
201.774
202.268
199.579
199.791
199.579
199.476
198.73
198.83
198.93
200
200.106
199.579
199.688
199.688
199.476
199.263
199.048
198.93
202.4
202.5
201
202.727
202.836
201.628
202.326
201.732
202.105
201
200.8
201.774
201.6
201.266
201.892
201.639
201.639
201.882
201.322
201.176
200.455
199.535
199.565
200.106
200
199.683
199.579
199.579
198.83
198.93
199.032
198.923
200.87
200.964
198.587
202.727
203.111
202.677
202.791
202.791
201.6
202.205
201.951
201.639
202.131
201.127
201.127
202
201.818
202.5
201.127
30
198.771
199.677
199.355
198.93
198.93
199.032
199.121
197.455
34.2857
188
199.304
199.784
199.893
198.93
199.149
199.149
198.93
198.71
199.213
41.25
200.806
202.615
201.951
202.381
201.681
202.131
202.56
202
202.131
201.681
201.5
200.909
200.909
201.207
201.864
198.811
200.548
32.093
27.6923
198.214
199.322
199.135
198.811
199.032
199.016
199.5
32
201.724
201.864
202
201.538
201.864
201.391
201.207
26.5385
197.143
198.909
198.689
199.059
189.474
32.6087
26.6667
200.357
198.791
198.811
200.748
201.308
201.053
28.1633
25.7143
30.9091
26.4
195
199.708
200.426
28
200.93
28.2353
27.0588
186.522
187.579
186.923
187.333
190
190.645
183.333
186.947
185.161
188.125
187.5
186.136
186.383
185.161
186.947
189
189.375
188.852
188.387
187.912
190.169
188.727
189.351
192.632
189.73
184.773
182.759
183.488
184.719
186.316
187.021
185.393
184
187.606
187.692
186.947
190.82
188.276
184.364
187.636
187.636
186.545
188.077
189.818
187.692
186.923
186.857
186.923
189.524
175.161
181.5
182.093
184.884
183.333
184.667
185.934
185.217
185.934
188.936
184
185.647
182.637
184.719
185.745
185.745
185.934
184.719
184.667
188.852
186.102
187.869
189.836
190.345
189.643
185.66
188.889
190.714
188.889
189.818
188.889
187.2
188.235
189.767
185.217
183.913
182.022
185.806
185.684
183.297
175.312
127.826
115.385
131.111
181.446
182.791
184.615
182.727
184.516
186.383
185.161
185.217
184.565
166.364
184.918
171.25
182.264
187.241
190.345
186.667
187.778
184.615
188.889
186.923
186.923
188.077
182.553
188.235
189.231
133.171
184.828
186.25
183.333
185.053
185.053
185.275
175.714
146.512
180
181.364
171.628
185.556
166.286
182.5
183.6
165
181.25
184.706
189.31
183.75
180
169.655
131.351
187.723
187.5
183.947
153.333
172.308
176.17
158.182
187.2
144
186.383
185.806
185.526
186.279
185.263
189.091
188.211
189
185.806
186.316
185.87
186
187.742
185.745
185.161
185.275
191.818
186.885
188.71
189.07
183.6
188.421
188.571
189.818
187.297
184.337
184.773
184.565
186.25
185.684
187.021
186.316
182.667
187.5
188.25
184.421
187
187.368
186.316
183.673
183.529
189.474
183.673
189.818
187.013
188.235
188.571
190.714
190.909
175
181.395
180
183.371
185.745
186.25
185.745
185
184.615
185.684
180
184.337
183.956
184.516
186.316
186.316
186.25
185.053
183.956
183.051
187.742
189
181.132
187.5
188.571
188.889
183.529
189.643
182.553
183.75
184.898
190.385
185.185
181.6
180
186.087
185.053
187.579
184.565
182.667
181.412
175.775
142.5
141.951
183.333
185.684
184.615
185.806
185.217
184.468
183.371
182.609
166.957
180
177.692
183.214
183.158
184.444
184.528
191.803
189.057
191.579
183.6
189.818
183.75
187.925
188.235
186
183.711
183.871
185.217
183.261
184
172.941
149.231
187.333
169.787
177.692
161.538
185.455
188.571
174.857
183.6
186.792
182.449
184.706
190.714
182.5
169.655
150.698
185.106
183.371
185.684
183
184.773
149.333
183.243
187.2
163.5
184.8
188.571
187.636
189.358
183.243
193.069
192.475
190.549
189.278
187.66
187.647
187.925
186.111
184
184.615
185.122
184.211
185.833
189.808
192.233
190.515
181.579
183.704
187.29
187.5
182.182
183.273
186.353
188
180
180
186.234
185.854
180
184.348
182.449
180
191.429
191.429
189.655
186.186
188.911
187.2
182.812
181.053
181.053
190.213
178.824
182.308
189.767
174.894
177.5
177.447
185.25
185.926
177.333
178.696
186.076
187.407
173.182
177.273
183.478
186.585
195.529
188.317
191.215
190.962
191.034
185.676
178.442
181.714
187.742
188.478
182.353
183.214
188.966
188.354
177.333
178.75
188.889
187.857
174.783
177.333
188.354
172.857
177.209
188.919
187.778
188.491
194.348
189.286
186.522
187.273
193.696
187.2
176.327
189.767
189.286
178.571
181.304
189.655
188.25
181.463
181.364
187.297
187.2
177
188.219
186.957
174.419
171.22
188.919
187.826
191.287
169.5
184.737
180
188.764
186.667
186.383
190.286
187.714
182
176.842
172.105
188.148
173.514
175.5
187.2
175.263
172.5
189.091
167.647
170.27
187.273
189.398
190
190.654
190
190.909
190.286
191.429
191.068
175
191.887
193.714
188.919
169.412
187.273
173.333
171.667
188.852
190.345
189.091
186.4
191.538
191.538
191.538
191.287
191.765
192
192.115
191.881
192.121
192.857
193.269
193.069
193.469
190.588
187.5
156
186.545
192.727
192.857
192.371
193.333
191.881
192.6
193.469
191.068
187.8
189.533
184.054
185.316
193.981
192.727
187.097
188.738
189.358
182.903
184.828
180
184.545
189.903
191.765
192.727
193.333
190.2
182.535
183.117
188.257
188.889
184.286
182.264
181.132
186.136
188.298
176.327
177.551
186.076
187.586
180
185.294
177.6
182.034
192.778
193.333
189.783
187.959
191.321
189.412
181.071
189.032
182.4
180
187.674
178.75
175
187.857
177.209
178.667
185.526
187.595
173.478
177.333
185.07
185.926
189.057
191.111
193.889
189.767
185.6
185.385
180.882
188.936
189.783
181.154
176.667
188.966
188.372
181.25
181.277
188.25
174.894
176
186.154
178.605
174.667
187.105
190.179
190.811
192.527
189.882
187.273
188.654
192.667
185.07
181.2
188.864
180
178.667
188.276
188.049
185.333
180
187.792
187.792
173.333
173.478
187.792
188
172.683
174.419
187.397
190.857
169.756
185.833
185.373
189.333
175.294
191.111
189.429
181.463
175.714
189.114
176.571
175.263
186.486
173.684
177
188.333
173.333
172.683
188.696
189.032
188.421
190.093
189.623
189.057
190
189.273
188.387
188.571
192.222
192
190.962
192.453
192.115
190.154
188.571
188.438
191.379
189.714
184.932
164
191.65
191.068
191.538
191.765
192.475
192.115
192.816
193.2
192
192.816
192.816
192.99
190.345
190
189.474
188.182
194.118
193.8
192
193.069
193.069
193.8
192
190.286
193.793
193.793
191.006
196.331
196.61
196.61
192.439
193.491
194.138
194.333
193.286
192.828
193.985
193.534
194.468
193.818
195.976
196.491
197.486
195.843
192.162
192.237
193.333
192.973
193.125
193.023
193.594
192.683
192.683
192.96
193.636
192.605
193.065
193.636
192.101
193.636
195
195.366
195.843
193.667
192.075
192.963
193.125
192.917
193.182
192.824
193.74
192
192.295
192.097
192.212
191.478
191.795
191.795
191.681
191.786
192
192.893
192.222
191.111
192
193.333
192.432
197.193
193.091
194.634
195.636
196.395
193.902
191.586
191.571
193.023
193.92
192.295
192.756
191.282
192.212
192.203
191.379
190.962
190.093
191.25
192.212
191.176
190.857
191.009
192.371
192.453
195.181
197.442
195
190.47
193.62
192.96
191.795
192.973
192
192.203
191.455
192.222
191.351
191.786
192.6
191.515
190.654
191.111
191.489
192.667
189.6
193.408
193.158
189.545
194.161
192.907
193.091
193.151
190.698
196.168
193.069
191.4
191.667
192.5
191.209
192.897
192
190.8
191.776
190.909
190.408
190.8
192.143
168.387
183.051
189.767
188.219
188.824
193.376
194.563
195.976
195.26
195.862
196.207
196.364
196.168
196.429
196.588
196.588
192.135
191.591
190.968
191.25
192.381
190.843
190.787
191.688
195.419
195.58
194.384
190.909
196.588
196.994
196.8
196.8
197.045
196.686
196.842
197.341
197.241
197.241
196.686
197.093
197.143
197.143
192.593
187.5
193.171
197.241
197.241
196.744
197.241
197.386
195.621
196.114
190.625
195.634
196.974
190.8
193.161
178.605
194.366
197.086
196.089
196.452
196.364
195.882
195.349
193.136
194.286
194.4
194.483
194.911
194.386
193.75
194.702
195.484
196.051
196.125
196.296
194.143
194.266
190.976
197.091
195.652
191.321
177.391
192
192.414
194.4
194.483
193.526
195.75
195.652
195.375
195.287
194.904
195.2
195.099
195.871
195.871
195.871
195.974
195.686
195.294
194.118
194.685
195.205
194.583
194.795
195.102
194.694
193.985
194.891
194.783
195
195
212
190.654
195.211
192
174.545
195
194.026
195.686
195.099
194.384
194.899
195.302
194.483
194.468
194.468
194.571
194.789
194.468
194.887
195.111
195.111
194.891
195.328
195.328
195.328
195.217
194.198
184.286
192.5
196.235
196.395
196.622
194.899
194.571
195.429
194.676
194.453
194.436
195
194.891
194.118
185
193.421
194.727
196.271
196.184
196.689
196.988
196.988
196.735
197.086
194.559
187.5
180
194.904
197.818
196.647
196.647
196.216
196.4
198.434
198
197.857
196.4
197.368
189.496
193.881
196.196
195
192
196.538
196.77
197.647
197.5
197.143
197.25
198.246
198
198
197.308
198.14
191.707
194.545
195.698
196.8
197.089
197.041
197.544
197.089
197.818
198.382
197.895
197.778
197
198.171
198.276
197.586
197.791
197.407
197.688
197.931
197.386
197.143
92.8571
82.1739
84.5455
89.2683
101.379
186.383
186.522
185.821
69.7959
188.842
186.061
185.172
96.3158
186.316
190.851
194.211
188.852
187.119
186.761
185.69
183.564
186.522
185.926
185.217
187.912
189.13
185.556
185.95
187.059
186.25
184.737
186.383
178.696
159.661
177.419
187.674
191.163
187.174
187.156
188.75
187.692
190.556
187.959
189.091
184.091
186.742
188.764
185.647
183.659
182.679
184.5
182.368
185.333
185.31
183.243
184.773
184.404
187.156
190.213
184.706
188.491
187.423
186.947
184.565
182.791
183.488
184.39
185
183.038
184.557
183.077
183.243
182.778
177.297
185.323
190.968
182.903
179.444
185.357
190.755
188.667
186.804
184.468
181.364
182.727
185.161
183.529
182.824
176.25
182.963
183.659
183.704
183.704
181.6
183.117
157.143
130.588
157.241
172
177.568
148.421
180.652
183.871
193.211
177.882
182.697
176.923
182.791
180.714
183.614
181.463
182.278
180.779
84.8781
136.667
159.623
179.455
153.75
191.597
184.468
184.242
191.111
182.804
193.585
190
179.25
184.091
178.356
183.614
179.221
179.189
126.154
136.923
186.19
179.375
177.882
177.778
180.732
190.654
191.455
191.887
192.6
192.857
193.469
188.667
192.527
192.135
193.412
194.074
178.481
195.429
193.103
193.012
193.571
192.152
192.593
194.615
194.366
194.615
195
194.286
193.77
186.667
101.25
165.517
124.444
195.238
195
187.021
187.097
186.742
184.078
63.4615
189.697
185.347
184.615
65.3333
190.787
193.6
196.615
185.085
182.769
184.571
185.625
186.522
185.333
184.186
186
185.455
185.085
187.143
186.804
185.641
188.041
177.303
143.478
174.783
192.391
186.226
187.273
198.462
188.077
188.727
187.129
185.625
187.5
186.593
186.742
184.828
184.615
183.659
185.714
186.724
184.248
185.854
182.368
185.806
185.263
183.2
184.667
182.264
186.555
187.778
193.333
192.955
189.767
184.706
184.706
187.66
185.87
182.759
184.773
186.136
188.667
184.337
183.704
183.896
185.25
183.846
186.316
180.822
184.737
182.222
177.059
183.051
180
184.404
190
180
185.684
186.875
184.719
184
183.409
184.773
182.143
182.118
182.222
180
182.278
182.368
182.368
162.857
165.263
172.603
186.346
185.51
187.429
193.458
190.909
179.268
182.045
177.831
182.759
184.667
183.488
184.941
184.39
183.038
147.692
92.1951
132.308
165
156.667
181.412
185.625
189.391
190.781
193.333
190.8
177.831
182.759
178.481
182.927
182.278
183
149.412
146.667
181.837
177.176
179.286
183.448
175.484
192
192.336
190.385
192.233
193.529
195.165
192
193.043
193.043
196.304
193.735
197.692
175.068
176.62
180.789
197.143
195.158
194.651
195.349
194.815
195.181
195.19
195.616
195.949
194.795
196.119
195.938
191.642
198.462
183
191.65
188.478
189.278
190.549
182.353
184.404
186.964
189.828
183.061
185.825
191.333
192.632
191.287
185.789
190.394
185.946
188.108
187.368
183.652
181.935
185.243
183.03
187.29
188.727
187.222
187.636
186.605
185.243
186.471
186.923
186.346
187.29
186.286
186.408
187.129
189.057
185.941
169.524
159.574
187.304
172.048
171.429
185.789
185.789
182.202
189.643
185.607
185.094
186.168
182.83
186.923
186.857
186.346
186.286
186.792
184.078
186.471
184.375
187.129
187.573
185.941
187.573
186.408
187.059
185.625
187.8
185.455
183.75
184.33
183.956
185.806
174.615
189.697
187.304
185.505
183.333
181.237
183.6
185.243
185.094
186.471
186.408
185.825
186.226
187.5
185.806
185.106
183.789
186.061
186.061
184.848
124.186
181.856
186.792
190.485
188.077
186.111
185.66
184.486
187.573
186.792
184.571
170.824
167.692
166.286
190.654
191.351
196.082
193.585
167.797
185.143
185.769
190.851
192.371
191.294
192.391
185.192
180
170.526
192.816
189.897
187.5
193.103
190.465
195
191.333
192.289
194.458
194.25
195.19
