196.438
197.368
197.027
197.25
198.75
196.627
197.143
196.744
198.14
197.857
196.744
196.154
198.158
198.228
199.459
198.904
196.364
197.922
199.024
197.727
197.5
199.592
198
205.5
198.571
197.561
197.368
197.561
196.941
196.627
198.353
197.143
197.705
25.0909
199.726
199.737
196.5
196.829
197.857
198.571
197.349
196.923
32.7273
201.509
199.636
198.889
200.769
18
200
196.957
198.75
199.592
198.75
201.25
150
201.081
198.462
199.535
199.091
197.727
201.176
195
196.216
196.923
197.561
194.211
197.25
197.922
198.293
196.829
197.25
197.778
197.561
198.947
195.349
197.872
199.565
30
196.5
197.727
200
198.261
200.426
203.182
190
197.368
198.947
197.561
197.727
199.091
200.426
198.75
194
194.545
196.216
199.024
197.561
196.154
196.5
196.296
197.25
199.231
200
197.037
197.037
196.098
197.349
198.261
205.263
197.561
199.535
197.727
165
197.143
197.26
230
198.228
196.154
198.228
198.701
250
199.701
198.857
199.437
198.857
199.2
196.667
195.75
195.181
194.211
196.098
190.189
194.717
195.714
195
194.824
194.157
195.172
195
195.682
195.385
195
195.385
196.8
196.923
196.744
189.231
192
194.694
195.918
196.471
190.769
190.244
191.163
194.651
196.364
196.047
195.862
195.714
197.528
196.615
30
195
196.047
196.429
195.682
195.529
195.862
195.19
31.5789
197.455
197.143
196.271
196.981
50
191.163
196.596
195.6
196.154
196.471
196.471
200
185
192
192.857
194.667
194.043
199.245
191.667
190
189
192.558
192.857
196.941
198.214
196.429
196.744
196.047
196.429
195.349
194.824
196.235
194.545
194.4
194.118
195.6
150
193.043
195.652
195.918
194.043
196.25
197.872
191.053
189.231
193.953
192.857
195.652
194.348
195.652
191.053
188.333
188.108
193.171
193.953
193.043
194.615
195.949
195.181
196.429
196.296
194
194.634
193.846
195
195
199.286
191.707
193.636
192.558
176
195.949
195.789
355.714
196.923
195.385
196.5
196.709
220
194.795
195.2
195.75
195.714
194.634
196.429
196.098
196.235
196.047
196.552
197.045
195.506
196.364
196.941
195.556
195.211
196.579
195.211
197.143
197.25
197.143
188.276
190.286
193.333
195.429
191.667
192
193.548
187.742
196.047
195.904
196.829
196.235
195.714
196.875
24.9057
196.667
198.14
198.621
195
196.941
196.098
36
193.171
196.364
191.489
196.596
27.6923
190.286
192.727
194.595
194.211
191.667
195
204
190
188.276
194.545
192.727
193.714
194.634
188.182
189.231
190.345
186.923
177.857
196.941
195.904
197.857
196.047
195.904
192
196.667
193.333
195
36.9231
190.714
192.414
196.216
195.789
195
187.5
184.615
188
192.414
193.548
196.216
195
195.882
23.3333
174.286
182.5
192
196.364
196.709
196.709
196.627
196.829
188.571
195
196.709
196.235
192.973
180
198.182
193.548
189.091
180
196.154
195.833
196.5
196.923
196.364
195.616
196.154
194.845
195.464
194.25
195.625
194.845
194.545
195.152
195
190.769
187.5
195.405
180
180
183.871
183.158
196.364
195.306
196.2
195.306
194.545
195.758
196.2
196.893
194.805
194.845
194.4
193.939
195.957
196.421
185.217
189.231
198.367
196.981
182.609
183.158
176.667
190.286
197.368
180
180
193.333
177
198.857
197.714
196.875
196.082
194.851
194.667
196.667
196.429
196.774
197.143
196.471
196.04
195.306
195.918
195
195.957
191.351
188.571
194.634
189.6
187.5
180
173.333
197.143
176.842
176.471
193.714
192
167.368
170
193.333
171
173.684
186.667
198.529
197.143
196.531
194.839
196.082
196.364
196.2
195.625
194.839
195.862
196.452
194.444
196.19
196.531
197.143
195.714
183.158
182.857
183.158
182.857
183.529
186
200
176.471
170
194.595
183.158
173.684
190.588
195.882
28.0645
196.056
197.333
196.701
196.25
196.25
195.918
196.552
42.5
28.7234
26.8085
192.857
196.18
196.774
195.625
197.32
196.875
196.25
195.484
196.056
26.4706
192
185.714
180
183.333
192
180
180
176.471
180
180
172.941
172.5
173.333
25.7143
27.8049
28.6047
55.7143
196.579
196.304
196.421
195.824
197.143
81.8182
29.6703
180
183.529
170
167.143
180
183.333
186.316
26.087
26.5385
195.938
196.854
196.579
36
29.2857
27.1579
189.231
197.647
197.234
197.609
180
166.667
26.3736
25.7143
27.033
25.9091
193.714
37.1429
26.9663
35.2941
26.087
26
199.077
199.175
199.344
199.062
199.585
199.485
199.275
199.375
201.961
200.704
200
202.059
202.336
200.943
202.556
199.476
199.585
199.585
199.375
199.162
199.048
200.782
199.791
199.585
199.585
199.889
199.468
202.878
202.979
201.818
200.917
201.818
202.836
201.379
200.471
202.031
202.326
203.077
201.774
202.268
199.579
199.791
199.579
199.476
198.73
198.83
198.93
200
200.106
199.579
199.688
199.688
199.476
199.263
199.048
198.93
202.4
202.5
201
202.727
202.836
201.628
202.326
201.732
202.105
201
200.8
201.774
201.6
201.266
201.892
201.639
201.639
201.882
201.322
201.176
200.455
199.535
199.565
200.106
200
199.683
199.579
199.579
198.83
198.93
199.032
198.923
200.87
200.964
198.587
202.727
203.111
202.677
202.791
202.791
201.6
202.205
201.951
201.639
202.131
201.127
201.127
202
201.818
202.5
201.127
30
198.771
199.677
199.355
198.93
198.93
199.032
199.121
197.455
34.2857
188
199.304
199.784
199.893
198.93
199.149
199.149
198.93
198.71
199.213
41.25
200.806
202.615
201.951
202.381
201.681
202.131
202.56
202
202.131
201.681
201.5
200.909
200.909
201.207
201.864
198.811
200.548
32.093
27.6923
198.214
199.322
199.135
198.811
199.032
199.016
199.5
32
201.724
201.864
202
201.538
201.864
201.391
201.207
26.5385
197.143
198.909
198.689
199.059
189.474
32.6087
26.6667
200.357
198.791
198.811
200.748
201.308
201.053
28.1633
25.7143
30.9091
26.4
195
199.708
200.426
28
200.93
28.2353
27.0588
186.522
187.579
186.923
187.333
190
190.645
183.333
186.947
185.161
188.125
187.5
186.136
186.383
185.161
186.947
189
189.375
188.852
188.387
187.912
190.169
188.727
189.351
192.632
189.73
184.773
182.759
183.488
184.719
186.316
187.021
185.393
184
187.606
187.692
186.947
190.82
188.276
184.364
187.636
187.636
186.545
188.077
189.818
187.692
186.923
186.857
186.923
189.524
175.161
181.5
182.093
184.884
183.333
184.667
185.934
185.217
185.934
188.936
184
185.647
182.637
184.719
185.745
185.745
185.934
184.719
184.667
188.852
186.102
187.869
189.836
190.345
189.643
185.66
188.889
190.714
188.889
189.818
188.889
187.2
188.235
189.767
185.217
183.913
182.022
185.806
185.684
183.297
175.312
127.826
115.385
131.111
181.446
182.791
184.615
182.727
184.516
186.383
185.161
185.217
184.565
166.364
184.918
171.25
182.264
187.241
190.345
186.667
187.778
184.615
188.889
186.923
186.923
188.077
182.553
188.235
189.231
133.171
184.828
186.25
183.333
185.053
185.053
185.275
175.714
146.512
180
181.364
171.628
185.556
166.286
182.5
183.6
165
181.25
184.706
189.31
183.75
180
169.655
131.351
187.723
187.5
183.947
153.333
172.308
176.17
158.182
187.2
144
186.383
185.806
185.526
186.279
185.263
189.091
188.211
189
185.806
186.316
185.87
186
187.742
185.745
185.161
185.275
191.818
186.885
188.71
189.07
183.6
188.421
188.571
189.818
187.297
184.337
184.773
184.565
186.25
185.684
187.021
186.316
182.667
187.5
188.25
184.421
187
187.368
186.316
183.673
183.529
189.474
183.673
189.818
187.013
188.235
188.571
190.714
190.909
175
181.395
180
183.371
185.745
186.25
185.745
185
184.615
185.684
180
184.337
183.956
184.516
186.316
186.316
186.25
185.053
183.956
183.051
187.742
189
181.132
187.5
188.571
188.889
183.529
189.643
182.553
183.75
184.898
190.385
185.185
181.6
180
186.087
185.053
187.579
184.565
182.667
181.412
175.775
142.5
141.951
183.333
185.684
184.615
185.806
185.217
184.468
183.371
182.609
166.957
180
177.692
183.214
183.158
184.444
184.528
191.803
189.057
191.579
183.6
189.818
183.75
187.925
188.235
186
183.711
183.871
185.217
183.261
184
172.941
149.231
187.333
169.787
177.692
161.538
185.455
188.571
174.857
183.6
186.792
182.449
184.706
190.714
182.5
169.655
150.698
185.106
183.371
185.684
183
184.773
149.333
183.243
187.2
163.5
184.8
188.571
