0.982143
0.95614
0.654867
1
1
1
0.95098
0.878505
0.902655
0.861789
0.830769
0.759494
0.77381
0.82
0.791667
0.837209
0.936937
1
0.843478
0.767677
0.771429
0.91453
0.852459
0.763889
0.763889
0.825243
0.833333
0.705882
0.731343
0.810526
0.811881
0.753846
0.831325
0.731343
0.818182
1
1
0.790909
0.843478
0.918182
0.8
0.735632
0.730769
0.76
0.824561
0.71831
0.732394
0.788991
0.681159
0.716418
0.701493
0.816327
0.81
0.703125
0.71875
0.814433
0.81
0.6875
0.6875
0.811765
0.836735
1
0.901786
1
1
0.852941
0.621849
0.747573
0.721649
0.788136
0.786325
0.671053
0.708861
0.776786
0.738318
0.633803
0.676056
0.757009
0.777778
0.676471
0.692308
0.76699
0.646154
0.671875
0.74
0.981818
1
1
0.770642
0.730159
0.86087
1
0.652174
0.628205
0.761062
0.743363
0.575342
0.630137
0.769912
0.733945
0.577465
0.628571
0.711538
0.721154
0.597015
0.722772
0.69
0.632353
0.630769
0.732673
0.69697
0.808
0.384615
0.716981
0.309735
0.747899
0.577982
0.546512
1
0.630631
0.576923
0.506667
0.513514
0.723214
0.506849
0.555556
0.694444
0.550725
0.571429
0.640777
0.5
0.552239
0.653465
0.68595
0.990826
0.946903
0.990826
1
1
1
1
0.48
1
1
0.672727
0.478873
0.622642
0.514286
0.514286
0.592233
1
0.883929
0.707547
1
1
1
1
1
1
1
1
1
1
1
1
1
0.623853
0.475248
0.367647
0.544554
1
1
1
1
1
1
1
1
0.900901
0.938596
0.632479
0.675214
1
1
0.861111
0.895652
0.879032
0.765432
0.861386
0.768116
0.814815
0.927928
1
1
1
0.840336
0.747368
0.77
0.900826
0.850394
0.756757
0.736111
0.746479
0.854369
0.862385
0.720588
0.731343
0.831579
0.828571
0.742424
0.8
0.757576
0.786667
1
1
0.821429
0.844828
0.946429
0.809524
0.717949
0.815789
0.694444
0.695652
0.796296
0.695652
0.705882
0.807692
0.661538
0.703125
0.791667
0.79
0.69697
0.714286
0.816092
0.826531
0.929825
0.990826
1
0.811321
0.619835
0.735849
0.701031
0.789916
0.786325
0.693333
0.72
0.783784
0.774775
0.666667
0.671429
0.747664
0.681159
0.671642
0.772277
0.661538
0.692308
0.76
1
1
1
0.73913
0.908257
0.954128
1
0.628319
0.641026
0.77193
0.569444
0.625
0.798165
0.752294
0.6
0.614286
0.740385
0.733333
0.661765
0.686567
0.754902
0.728155
0.621212
0.661538
0.737374
0.860656
0.398058
0.679245
0.567797
0.743802
0.6
1
0.630631
0.539474
0.567568
0.705357
0.486111
0.527778
0.691589
0.542857
0.57971
0.685714
0.545455
0.61194
0.683168
0.732283
0.452381
1
0.954955
0.990654
1
1
0.699248
0.651163
1
1
1
1
1
0.59633
0.59434
0.615385
0.97479
0.921053
0.722772
0.294118
1
1
1
1
1
1
1
1
1
1
1
1
0.552381
0.466019
0.548077
0.431373
1
1
1
1
1
1
1
0.963303
1
1
0.994118
1
1
1
1
1
1
1
0.992908
1
1
1
1
1
1
1
1
1
0.986667
0.987013
1
1
1
1
1
0.984
1
1
1
0.983471
0.992
1
1
1
1
1
0.994413
1
0.987578
0.993865
1
0.986301
1
1
1
0.984252
1
1
0.92623
1
1
1
0.957627
1
1
1
0.947368
1
1
1
0.965217
1
1
1
1
1
0.964706
0.97973
0.985915
0.992308
0.94697
1
1
0.951219
0.918699
1
1
0.896552
0.91453
1
1
0.902655
0.990566
1
0.873874
0.99375
1
1
0.965517
0.967532
1
0.892857
0.975
0.888
0.991379
1
0.909091
0.892562
0.991071
0.99115
0.862069
0.86087
0.990741
0.990826
0.854545
0.818182
0.980392
1
0.74026
0.628571
0.947059
0.966292
0.970588
0.561538
0.962687
1
0.808
0.909091
0.955752
0.8
0.875
0.955357
0.818965
0.943396
0.972727
0.8
0.951456
0.961538
0.785047
0.256198
0.460938
0.601399
0.528986
0.492754
0.912791
0.647799
1
1
1
1
1
1
1
1
1
0.773913
0.862745
0.894231
0.714286
0.572727
0.846939
0.881188
0.712963
1
1
0.874251
0.553957
1
1
1
1
1
1
1
1
1
1
1
1
1
1
0.704348
0.244898
0.386792
1
1
1
1
1
1
1
0.662069
1
1
0.961538
1
0.361345
1
1
0.994444
1
1
0.988372
1
1
1
1
1
1
1
1
1
1
1
1
1
1
1
0.565517
1
0.936047
0.384058
0.383333
0.935484
1
1
1
1
1
1
1
1
1
1
1
1
1
1
1
1
1
1
1
1
1
1
1
1
1
1
1
1
1
0.114504
0.722973
0.80226
0.496454
0.0909091
1
0.905882
1
1
1
1
1
1
1
1
1
1
1
1
1
1
1
1
1
1
1
1
0.224
0.923077
0.988372
1
1
1
1
1
1
1
1
1
1
1
0.461538
0.95
0.709677
0.988827
1
1
1
1
1
1
1
0.427481
0.216667
0.987421
1
0.994253
1
1
1
1
1
1
1
1
0.86875
0.864516
1
0.759494
0.583942
1
1
1
1
1
1
1
1
1
1
1
0.561644
1
1
0.994318
1
0.994118
1
1
1
1
1
1
0.994475
1
1
1
1
1
1
1
1
1
0.43299
0.560976
0.619718
0.44086
0.367089
0.989474
0.989247
1
0.532609
1
1
0.991453
0.404255
1
1
1
1
1
0.922078
0.983051
0.990196
0.989247
0.975904
0.92
1
1
1
1
1
1
1
1
0.92
0.694118
0.939394
1
1
0.989247
0.990909
0.989691
0.951219
1
1
1
1
1
1
1
1
1
1
1
1
1
1
1
1
1
1
1
1
1
1
1
1
1
1
1
1
1
1
1
1
0.948718
0.992
0.911765
0.992
0.990826
1
0.990654
0.967742
1
1
0.988764
1
1
1
1
1
1
1
1
1
1
1
0.424242
0.346939
0.522523
0.652174
0.755102
0.520548
1
1
1
0.977012
1
0.975
1
1
1
1
1
1
0.273333
0.339623
0.449153
0.940171
0.360902
0.991667
0.87037
0.891892
1
0.930435
1
1
0.97561
1
0.960526
1
1
1
0.254902
0.256579
1
0.842105
0.708333
0.692308
0.732143
1
1
1
1
1
1
1
1
1
1
0.987805
1
1
1
1
1
1
1
1
1
1
1
1
1
0.984375
0.385542
0.651685
0.346154
1
1
0.969072
0.989362
0.988889
0.936364
0.553191
1
1
0.991525
0.483871
1
1
1
1
0.955882
0.990566
1
1
0.957447
1
1
1
1
0.988235
1
1
1
0.89
0.582278
0.910891
0.989247
1
1
1
1
0.982143
1
1
1
0.98913
1
1
1
1
1
0.95082
1
1
1
1
1
1
1
0.990654
0.991667
1
1
1
0.977273
1
1
1
1
1
1
1
1
1
1
1
1
1
1
1
1
0.990826
0.822581
0.983333
0.989796
0.990909
1
0.978261
1
1
1
1
1
1
1
1
1
1
1
1
1
0.4375
0.508929
0.640351
0.936937
0.989899
1
1
1
0.97619
1
1
1
0.989011
1
1
1
0.9875
0.40625
0.294964
0.367925
0.52459
0.418605
0.85
0.888889
0.991379
0.969697
1
1
0.988095
0.988636
0.963415
1
1
1
0.312883
0.296053
0.816667
0.702479
0.724138
0.74359
0.744
1
1
1
1
1
1
1
1
1
1
1
1
0.9125
0.910256
0.987013
1
1
1
1
1
1
1
1
1
1
1
1
1
1
0.869565
0.990385
0.989247
0.989796
0.98913
0.962264
1
1
1
0.98
1
1
1
1
0.942149
1
0.991071
0.991071
0.991304
0.991379
0.992
1
1
1
1
1
1
1
1
1
1
1
1
1
1
1
1
1
0.428571
0.328671
1
0.628788
0.689394
1
1
0.981982
1
1
1
1
1
1
1
1
1
1
1
1
1
1
1
1
1
1
1
1
1
1
1
1
1
1
0.629032
1
0.991379
1
0.972973
1
1
1
1
1
1
1
1
1
1
1
1
1
1
1
0.302817
0.822034
1
1
1
1
1
1
1
0.990654
1
0.669291
0.619048
0.48951
1
1
0.979798
1
0.409722
1
0.920354
1
1
0.977012
1
0.859504
0.801587
0.493506
1
1
1
1
1
1
0.989011
1
1
1
1
