21.4508
20.8163
23.6269
21.9588
23.4375
27.5
19.4681
20.9569
18.5507
15.5882
13.9604
17.8462
23.0769
21.5385
21.9802
20.804
20.201
24.4221
25.7971
18.6316
19.7872
24.9
22.6471
16.6304
18.6096
21.9588
17.3864
18.3607
20.4188
23.617
17.9104
20.5882
26.069
23.4375
18.8571
15.7426
15.2332
19.0625
21.7085
20.2941
20.4124
20.1015
19.2857
25.1707
21.9802
22.3881
16.6845
16.3636
16.1905
17.0526
24.0594
22.6866
15
15.2432
16.0656
20.7216
23.1472
24.1206
17.6879
18
21.9588
17.7108
18.8571
21.8182
28.2353
25.3521
23.3654
20.8824
25.1282
22.9146
19.3365
24.2424
23.7563
25.2792
21.3
21.7085
23.2161
16.129
15.5676
15.2432
20.1015
20.6061
15.4945
15.082
15
15.8242
22.8426
21.9588
15.9538
14.9133
15.5172
17.4857
22.5773
21.9895
17.1951
22.3404
30.5085
28.3019
26.3158
20.2985
25.2414
27.9545
34.6479
19.2344
26.087
28.4211
21.7085
24.5902
30
20.1015
20.8163
22.2335
20
20.2073
21.6495
16.3636
16.0248
16.3975
20.4396
20.9677
21.9802
19.7015
26.9663
29.2308
27.8351
22.8
22.6087
23.1683
24.1791
32.6667
21.2121
23.2258
26.4
20.2139
21.1579
21.7617
19.8895
25.6489
25.7647
25.5882
27
27.2165
25.1087
19.5074
22.1359
22.0896
26.2703
15.8824
24.5902
28.7234
25.8228
25.3012
26.4516
26.3636
23.5443
23.0508
15.2239
16.1765
17.971
20.6796
18.6
17.5385
14.2574
14.2574
16.0976
17.1845
14.4828
13.7313
14.8515
13.7755
26.129
25.4795
25.9459
18.6207
17.7
13.8916
16.2562
16.9307
15.2332
13.5961
13.5961
15.8824
16.3366
13.9896
16
20.2105
19.7938
21.1399
22.3834
23.1016
28.4043
15.6784
15.7576
13.6082
16.0209
18.9474
23.1
19.6875
18.1538
24.9231
25.0251
17.1892
20.3226
24.9746
22.5
16.6102
18.232
22.3834
16.1404
17.7273
19.893
25.5172
17.1429
26.087
21.1399
17.561
15.6784
19.8947
20.829
18.3673
18.534
18.9637
18.4375
24.1791
21.9289
21.9588
14.9171
15
15.082
15.4098
23.8191
22.0408
15
15.2486
15.7542
22.9592
22.7692
16.4286
18.1714
21.4737
16.7702
17.6471
20.4324
24.7552
28.0203
17.7889
26.3793
22.7848
23.6757
18.439
23.0769
25.0794
20.8163
21.2308
22.5381
14.9171
14.8352
14.5856
20.2073
20.829
13.8983
14.2373
14.4944
16.0894
22.7692
22.0725
14.6429
14.2197
14.2012
15.3571
22.5
21.7021
27.6923
31.6364
23.9286
22.2
23.5135
29.1429
28.5246
20.495
19.0244
25.8228
29.2857
21.4286
23.8043
28.9888
20.3125
20.9375
22.3834
28.2645
19.8947
20.3175
22.1875
15.0943
20.5525
20.7692
26.3874
20.5181
27.3913
25.618
20.6154
21.4925
22.3116
23.8043
27.5294
21.1579
22.6178
24.1667
29.4444
28.3333
27.0968
28.75
23.4783
21.6244
21.9289
23.8743
28.1967
24.6857
28.3871
28.9655
28.5484
24.2748
27.6106
27.5188
24.3243
25.4545
24.6154
17.7551
15.9799
18.7129
20
18.2741
17.4093
14.6939
14.0816
15.6784
16.5829
13.7755
13.7056
13.6364
31.4754
30.4478
17.2727
16.3918
13.4694
13.9394
16.0606
15.9184
14.0426
13.7056
13.7056
15.3769
15.6122
16.5306
16.7513
14.8421
20.6897
33.2143
24.6575
20.5594
19.726
28.481
30.7792
32.25
34.3902
31.2426
29.2
22.1053
24.75
25.2439
27.5862
34.8387
27.375
28.2803
30.6897
32.4138
28.7574
28.5542
29.2857
27.2368
27.2727
29.8225
30.3448
28.3832
28.3636
27.7852
27.451
30.1818
31.4458
21.75
34.8503
37.2671
32.8235
27.6074
27.931
34.4379
31.2139
26.747
26.7073
28.7574
32.8235
26.4
30.6977
26.5455
25.9756
28.024
27.6596
27.973
30
29.6471
27.439
26.087
26.9091
29.1176
27.7241
29.8137
30
28.7143
28.4416
31.4458
29.1018
28.2558
40.1695
27.2393
27.4074
19.3789
22.4561
26.3694
30.5202
25.1852
30.1796
26.25
26.0377
26.3415
30
27.0677
28.6364
30.559
30.375
26
25.9459
26.8831
52
38
25.4118
24.9123
35.0769
30
26.0116
22.8571
35.3143
36.6102
33.8931
27.1338
25.6604
25.5484
25.9355
25.3247
25.6579
24.6358
28.1928
29.6471
28.1633
27.8981
65.3333
38.4733
62.3077
41.5385
37.1901
33.6145
25.1724
24.6429
26.7857
26.5116
33.6923
27.4172
33.8462
26.6225
28.9209
25.8904
24.898
25.7778
25.5224
69.5455
45.75
31.2575
35.52
43.5789
40.6452
38.0488
29.0798
30.9434
24.497
25.4118
24.7059
28.024
25.3179
26.1628
22.0859
20
38.8235
31.2605
27.4286
25.4545
106.452
58.125
39.823
32.6897
28.323
28.951
22.6347
22.4096
22.5455
20
20.4969
20.625
21
19.0909
19.7468
41.4085
36.8571
35.7353
25.9756
25.6098
23.3333
22.5455
21.75
20.4878
19.4904
19.0541
18.6755
22.6415
21.6149
20.6369
19.7468
19.4805
18.5526
34.3949
24.4138
21.5493
20
27.9503
29.8039
31.7419
34.6584
27.5776
32.6316
28.8462
20.1342
24.2384
25
25.3988
28.2759
36.7742
27
28.6624
32.1176
32.9143
28.0473
28.1928
29.2857
27.8146
27.4839
30.5325
30.8571
29.2683
27.5
27.1622
27.4839
30.1818
33.9623
39.4872
32.6316
30.3448
36.2264
31.5429
26.5455
27.2727
28.7425
30.5263
27.2727
27.7241
30.1734
26.3415
26.135
28.2143
30.8772
27.0833
27.3469
30.1796
30.3529
26.2963
25.875
27.6364
26.8182
28.1379
29.8137
29.816
27.5912
28.8312
30.1818
29.1018
23.7805
26.4706
27.6074
27.2393
20
23.1579
25.125
27.1084
29.6386
26.5823
25.8228
27.6364
30.3448
25.6489
26.8657
29.816
29.8113
27.3825
25.9459
26.9231
47.4627
37.5
25.3571
23.8554
33.5433
30.9677
22.454
31.9298
36.6102
34.1463
27.5159
25.875
26.4935
24.7742
24.1611
25.4305
30.8772
64.8
37.1134
43.2258
33.4884
31.2426
26.5868
31.5976
27.0175
34.6429
36
31.3636
26.8831
20
33.719
26.8
28.6957
25.3061
24.8276
25.5882
25.2632
46.4516
33.865
36.8852
44.0506
40.4082
38.7097
29.6296
33.4694
25.2071
25.4118
24.8521
27.3054
25
25.7647
22.6829
22.6829
21.3253
20
19.2
39.7753
32.2314
26.1429
86.9388
52.2857
32.7907
50.9589
35.1724
29.2405
49
30
21.9162
22.9091
21.9876
21.4286
21
20.7547
20.3704
21.2658
48.1481
34.8718
25.4545
23.9286
22.8221
21.5569
21.1538
19.0062
20.3774
19.726
20
15.6
26.3158
22.2222
20.625
20.6369
20.1266
17.8378
28.8312
25.6579
24
23.6842
32.3353
28.3636
28.9024
31.677
26.3158
26.7073
30
25.875
22.1053
28.8889
28.5882
27.3988
28.0925
27.6074
26.7073
25.9756
27.3373
32.0225
29.1713
27.0175
26.4151
25.5556
26.5868
29.162
25.1852
26.747
28.4211
27.6647
22.2472
26.7391
28.7273
29.3103
29.8266
29.4915
34.0449
26.8323
25.3988
29.1525
28.4916
26.6667
28.8136
26.9231
25.6604
26.0377
29.6667
28.9888
25.7143
28.2759
25.3846
24.8408
26.3415
29.8305
29.3258
25.0331
25.875
28.5882
32.9825
30.6977
23.4637
22.0339
25.2809
28.2955
27.0175
30
26.4474
26.5385
27.7457
25.7143
26.7052
26.9388
25.4902
23.2258
29.8286
27.7193
25.2439
26.4286
26.6197
25.2414
25.2414
25.4902
29.6471
28.3636
25.283
27.037
94
34.8936
26.8966
36.259
31.5108
29.2405
28.7574
24.1341
24.6626
25.3988
25.0588
27.4576
24.7826
25.125
27.7193
36.9643
102.273
27.2414
27.6259
29.7959
23.1818
23.5955
27.6
25.283
29.3617
25.7143
33.3333
57.6
21.3497
23.4637
21.6949
26.6225
24.9351
27.3134
24.2466
48.75
38.4211
39.0566
42.8571
42
37.2816
40.9091
34.557
27.3373
27.5862
28.4746
24.5455
27.3034
23.7126
22.4561
22.069
25.5
38.6087
30.7895
29.2683
33.3333
27.1186
28.1564
25.7647
25.5172
27.1508
25.4651
24
23.8596
22.7586
24.0719
23.0769
24.4186
22.2754
22.6829
21.8824
21.8182
22.0482
20.9032
21.3423
20.7547
22.7451
22.1477
26.2921
24.0698
22.994
22.1818
23.432
21.4545
21.2195
22.0859
20.7143
22.454
22.7329
20.6494
20.6369
21.1321
20.8383
31.6304
31.9355
32.7586
33.3708
32.2826
33.5484
34.2391
32.8177
31.8947
31.3953
30.8571
30.6897
33.8547
29.6591
30.9474
31.875
34.5251
33.8983
35.3333
34.5763
33
30.838
32.1547
33.587
34.8691
31.5976
31.4118
30.5389
29.6341
28.9286
29.4798
30.1796
31.0714
30.7229
29.6296
27.5472
28.3636
29.6386
28.7117
28.875
28.323
52.0588
39.2453
44.0741
45.298
38.5227
36.7539
33.5294
36.4045
33.8983
32.1429
31.2426
31.2575
30.5389
30.3529
31.4458
31.2727
29.8137
27.871
27.7778
28.5542
28.6957
28.875
30.9317
29.4194
27.2
27.0588
27.8981
27.871
27.6623
28.5315
27.0423
28.1379
28.1119
39.2453
36
33.1492
33.5385
38.6885
34.4751
30
31.5464
32.4742
33.0539
33.4969
30
30.1775
32.0245
31.2883
29.6296
29.816
30.7792
30.7792
26.6667
26.4336
27.3825
28.0519
29.8089
30.411
29.5833
26.9118
26.4706
27.8873
27.6596
33.2609
29.8378
31.875
31.7098
36.6486
31.6484
31.399
34.7692
37.4194
30.625
30.9375
36.2338
33.0769
32.1854
27.2
28.5906
56.3636
40
29.8378
32.6154
49.7872
37.7647
29.6739
35.8163
36.8276
35.102
55.2857
38.9011
39.2553
46.4151
54.7445
44.1916
33.913
32
35.3299
38.3756
49.2857
29.8361
56.0294
56.1972
56.25
56.8889
53.2867
52.9167
48.7013
49.3671
39.8883
42.2093
41.5909
36.8254
37.1875
30.4865
31.5625
31.7278
31.5789
30.9375
31.7098
29.8361
30.9375
29.6667
31.6304
31.1351
32.234
32.6984
30.6452
30.989
32.0856
32.8723
31.978
56.1702
36.6667
36.0656
33.4737
31.5789
31.25
30.3261
29.6774
30.1587
31.0995
30.4762
30.4712
30.9375
29.8361
29.5135
30.3158
30.3125
30
30.4712
30.625
29.5082
29.8343
30
30.6316
30.7937
31.8947
30.3192
29.8305
29.6591
32.0856
29.5187
29.6809
30
29.5082
29.6739
29.5187
29.6842
29.5288
29.6739
29.6739
29.5082
30.1587
30.1587
31.4595
32.4324
30.6383
31.5789
33.8983
33.2967
33.2609
34.4262
33.6667
30.9474
32.6316
32.7907
30.8571
31.2281
33.7079
29.4915
33.0481
31.2632
32.8421
34.5251
34.0449
35.0562
34.6286
32.8492
34.0984
32.4862
34.0107
35.4839
31.7647
30.7229
29.2683
28.9286
29.6512
29.8204
30
31.0714
29.0683
27.8981
28.7273
29.8182
28.5185
29.4479
27.75
27.5472
46.0645
46.3636
36.9492
29.3333
36
33.5294
31.9298
33.4483
33.8983
32.1429
31.4286
29.1124
29.2941
30.1796
30.3571
31.0843
30.7229
29.816
27.6623
27.7778
28.7273
27.75
28.6957
30.566
29.4194
27.7852
27.6623
28.0769
27.3077
27.6623
28.3333
27.6596
28.3562
27.5
38.9809
36.3333
32.1547
34.0206
38.9011
39.375
37.1271
32.7835
33.4132
31.5607
32.9268
30.7143
31.6564
31.1111
29.0683
29.4545
31.7419
30.7792
29.8039
27.3103
27.5342
27.5676
27.451
28.0519
30.2041
29.5833
27.5556
27.3134
28.5106
27.4648
33.6264
30.3261
36.3243
31.978
31.2371
31.0995
31.0881
33.2075
29.6296
32.1854
31.4094
29.2308
29.0196
49.9329
37.7901
48.3333
38.1503
57.12
54.8936
44.0237
37.732
43.8323
55.8779
44.1916
34.0984
32.3077
34.5918
31.3187
56.8421
55.7447
54.6207
55.5556
49.6
47.4684
41.25
38.9011
41.6185
40.1124
35.1832
36.875
30.8108
31.0995
31.0995
31.2632
30.7853
31.5625
31.25
29.3333
30.8287
31.3043
31.4286
32.0635
30.3261
29.1525
30.5028
32.4064
32.5532
30.6522
55.8621
33.4054
33.7297
31.8947
31.2632
30.625
30
29.8378
30.3192
30.6316
30.4762
30.1571
30.9375
29.8361
29.6739
29.3548
30.7853
30.1587
30.1571
30.3125
28.5083
29.8343
30
30.4762
30.3192
31.1111
30.4813
29.6739
30.1604
29.6739
29.3478
29.5187
30.625
29.6842
29.8429
29.5082
29.011
29.1892
29.0426
30.1587
22.446
22.1277
21.3423
20.2597
23.913
23.2117
23.2
25.5484
23.9216
25.6647
25.8904
23.3094
21.8182
22.3448
22.8571
20.3846
21.3253
22.3669
27.7778
27.1338
26.1224
24.7297
20.8
24.4737
23.25
24.2384
21.4286
19.4245
19.0345
20.4082
20
18.5915
18.5294
18.3582
19.5652
17.5385
19.2366
21.4013
26.0116
29.6429
25.8278
19.708
21.0909
22.3256
26.0377
25.9873
24.1509
22.0859
25.1613
25.098
21.3043
17.5182
17.1429
19.3151
20.5594
22.3944
24.9351
24
21.4599
17.4046
18.2609
19.3007
18.6957
20.597
18.0952
20
19.8529
18.3582
20.7874
20.1562
20
29.0683
28.125
19.7561
20.6024
28.8889
28.8889
19.125
20.122
27.75
26.25
27.3418
25.6051
25.5484
26.5772
24.8684
24.2384
20
17.4046
17.0149
20
19.2857
19.4118
25.5944
24.9296
21.8182
16.9355
17.619
19.8529
19.2857
29.6429
24.0764
20.6024
22.0118
28.7273
28.9157
30
19.1411
19.4805
19.4904
20.4
20.1316
28.4615
25.9873
27.8431
25.6579
50
41
26.1818
30
35.8621
30.1961
20.129
22.0482
23.8554
30.8451
30.5521
22.5974
20
20
28.5714
27.2
43.7288
26.5306
36.2791
27.6923
18.9677
18.3117
20.6135
20.9816
18.4
19.8773
20.3704
20.8511
20.1399
20.2703
19.7315
19.5556
21.0219
20.7194
19.8621
20.8163
20.1342
63.4286
52.8571
33.6
49.8113
57.0732
44.4828
40.2857
40.9091
32
32.7731
25.8228
25.8904
26.6667
26.069
22.4516
24.9351
21.6774
18.1935
19.6154
20.129
19.6226
18.2781
18.8679
19.0062
17.5182
20.4348
20.1429
19.5833
19.726
19.3421
19.8529
20.5839
20.4348
20.9589
20.5479
43.7288
38.8732
22.3077
23.4437
21.5686
21.1538
21.7834
20.7692
22.5478
18.8235
18.9474
19.4805
18.3117
17.3077
17.8481
17.8378
16.4789
18.6755
17.6471
16.0784
17.6923
17.2662
18.8571
19.5833
17.8378
17.027
18.4314
18.3117
18.1579
18.9474
17.6923
17.551
17.4324
18.4
16.6452
17.6224
17.3793
23.662
21.7808
20.9396
26.9388
25
22.1477
22.649
23.2394
22.9412
21.1765
23.5714
25.3521
20.9211
22.1818
26.0241
27.6
26.1429
27.9167
25.2632
27.4648
25.8904
25.1613
22.449
22.2857
21.6176
21.9718
21.3043
20
26.4336
16.9655
21.8182
28.875
29.0323
22.3944
20.597
21.7391
22.446
20.6135
25.4545
27.8981
27.1338
24.4286
22.7143
22.449
27.451
27.4172
25.3061
21.3333
19.2537
20.1429
19.2537
20.2941
23.741
20.4545
21.9718
21.1765
18.6047
18.4615
22.7143
21.7778
18.2812
26.4
18.8679
20.3704
21.8182
28.875
19.4904
20.2548
28.323
27.375
27.8981
27.0968
19.3846
19.0909
20.1429
19.8529
20.146
27.2727
26.1745
20.9091
18.2812
20.4348
18.75
18.7786
19.3846
19.5122
18.1967
20
21.5267
18.871
18.0952
77.5
31.8
29.0196
21.8182
22.8571
73.0435
31.1765
20.9639
39.5122
31.4062
30.3947
29.0196
26.8831
27.6
26.9799
24.3357
18.72
19.3846
27.5
26.4336
23.7313
20
31.25
31.25
28.4211
32.1212
29.404
29.8013
22.6829
25.7692
26.1039
22.6415
21.5493
21.3986
30
28.7671
55.1351
23.2
27.9661
39.1304
26.4474
19.6078
21.2422
19.3548
20
19.4904
21.3986
20.2759
21.7021
21.3986
20
70.4348
70.9091
53.5135
60
54.8571
55.3846
81.8182
33.4177
25.7812
26.5714
30.5556
23.8298
23.6735
28.2581
20
19.2157
20.129
23.6943
18.9474
19.2157
19.6154
18.2781
17.5
18.806
19.8529
21.0219
21
20.1399
19.8649
21.3333
22.1739
21.7021
21.5493
62.2222
48.6486
34.4
37.7143
25.6522
23.6735
22.1053
23.2258
22.5
20.1316
19.6078
19.3421
20
19.6
18.6755
17.6
17.7465
18.9262
18.5235
17.6
18.8235
17.0213
17.3333
18.2609
20
19.5745
17.7931
19.4702
22.446
22.0144
26.6667
20.3922
20.8
19.6
19.2157
18.6755
18.4
19.3421
19.2
18.4
17.8808
17.4324
17.3793
18.1208
18.5235
17.4324
16.7143
16.4029
16.2857
17.9167
17.7931
16.8493
18.4
18.5235
17.8378
17.551
30.9554
22.9412
22.0588
21.3043
23.6
23.3333
30
28.5315
27.0229
24.1727
28.6275
26.8831
22.8777
26.0714
30.75
28.7838
22.7143
20.979
23.3557
25.0633
24.5783
28.5366
28.7117
29.3431
26.6197
22.6573
22.5
22.5
27.7778
27.0588
21.3636
20.9091
19.2701
19.708
19.8529
27.8981
26.1745
20.7874
19.5238
23.75
26.3415
28.4416
29.5946
22.2754
23.4146
26.3694
22.446
24.2466
27.375
25
24
20.3077
18.9474
19.2537
19.8529
27.451
26.8
21.0938
19.8387
19.3701
19.2366
19.5455
28.7838
27.0833
20.9524
20
19.1597
18.4252
18.75
28.9362
23.1148
19.8165
28.8722
18.6076
18.6076
35.4545
27.7241
23.8356
19.4118
18.8462
20.1266
26.8421
26.7097
24.6043
18.1935
19.4904
26.4474
25.8278
26.7097
27.3469
21.9403
18.5714
18.75
28.2857
29.3793
20
19.8305
18.4211
19.322
19.3388
50.4545
43.0189
19.1083
33.9623
29.2105
18.8679
31.7073
27.6623
30.411
26.6225
25.7718
30
25.8904
26.2774
68
67.2727
60
53.5135
39
34.2857
82.2222
37.3913
32.2581
25
22.4051
22.7848
24.9664
21.6
20.6623
28.0519
30.8955
27.2368
25.7718
30.6475
26.7123
26.069
29.3431
27.5556
26.8182
137.5
131.429
145
36.8
27.874
32
33.125
30.2521
30
26.9767
22.5478
21.9608
21.6774
21.457
20.9211
19.4702
18.7013
15.2239
17.2059
20.8889
148.889
76.8
70.9091
24.5833
24.4138
24
20
20.9032
17.7931
19.4702
19.6
18.8
18.0392
18.8321
19.1667
18.2432
17.4834
21.4599
21.7391
19.726
19.2
18.0822
17.9592
17.2028
17.2028
19.3289
16.2406
16.2857
18.0822
15.2239
33.2609
30.6522
28.6813
31.2632
30.1676
31.7647
24.3429
31.2632
31.3846
32.2613
33.7688
30.6383
30.3614
32.1951
33.2967
28.7368
26.8085
28.254
25.9016
32
31.2
24.4693
24.2105
25.7143
27.5159
23.494
24
27.451
32.0548
24.5745
28.022
35.2174
34.0909
26.9072
29.6842
33.9267
31.5254
31.5084
28
24.6667
25.2459
25.1087
28.9888
25.2632
24.2045
23.5955
23.3898
25.4651
28.6047
23.6571
23.3898
23.1818
23.494
24.3636
28.5714
23.6129
24.3038
27.6
23.5052
28.1443
32.3926
23.5052
27.541
30.8475
32.0419
29.5187
29.5187
28.4916
25.1163
24.3429
23.8636
23.1818
25.4651
28.2759
27.5
24.8521
23.5838
23.1034
22.8902
23.0769
25.7647
24.4311
23.4783
22.963
23.625
24.1558
25.6051
28.4416
31.0345
40.9524
46.6667
30.8108
24
30.838
31.677
30
24.3077
27.6923
28.5246
28.8398
27.486
27.8212
27.4286
27.7966
24.9123
23.2941
23.5227
23.3143
25.5621
120
29.8343
34.8
177.073
178.75
31.1628
27.3298
29.2537
29.6053
35.0562
178.571
24.0625
28.3333
28.6667
27.6404
28.4746
27.0175
27.3988
27.2093
27.205
27.6074
172.5
175.714
174.419
123.529
75
50.2326
137.143
30.6207
34.6479
30.7826
27.0466
27.2727
25.2792
26.5625
23.6923
22.5773
23.3161
28.6517
28.024
28.024
172.5
36.3636
31.5328
29.8462
32.5984
30.2041
34.0909
26.2887
25.0515
25.8462
25.8462
23.6923
24
24.3077
24.1837
31.33
27.2432
22.069
32.5123
28.5714
175.61
148.696
72
144.545
28.8268
27.3298
25.2308
25.3608
25
23.0769
24.3655
24.3077
23.3684
23.6923
25.2
26.6667
24.1341
21.1561
29.8429
24.1935
22.7807
22.2581
20.7692
20
19.7727
19.5506
20.1099
19.7802
29.7087
31.9811
30.1554
32.1531
32.9703
25.4922
25.1813
29.4175
22.6178
29.5652
31.5789
31.1429
24.7273
31.2766
30.9677
26.5517
23.7363
29.8429
29.8413
30.3333
28.8525
24.6067
43.3333
22.6286
23.3143
25.4922
32.2613
28.2
24
24.5596
31.0881
30.2857
30.1435
33.3014
32.7568
31.25
24.2697
32.25
32.549
27.2432
24.7253
24.973
26.3333
26.5574
23.1285
22.4138
27.3034
36.3158
22.9714
22.1965
23.4483
24.4068
21.6
22.0118
24.3529
22.5434
22.2353
23.2941
24.3429
22.0118
29.6907
25.3608
29.5477
27.6667
31.7647
26.3636
23.125
28.254
31.2
31.8557
35.1219
33.7975
24.8045
21.6
27.5581
28.5
23.8636
23.3143
23.7288
21.3793
21.5294
25.2071
27.2727
22.4138
22.1053
22.7219
23.7931
20.5814
21.5569
23.432
27.2727
22.7219
34.5
28.1633
29.5337
29.816
37.2632
30.1571
32.3077
23.3161
31.3333
32.5888
23.0526
30
29.1124
24
26.747
28.0292
23.3143
22.6286
23.1034
21.2791
20.6024
25.0909
27.7612
24.8168
27.7174
32.2286
27.2449
24.375
29.0722
31.2245
28.7629
24.6316
23.3161
23.6923
30.2857
23.0526
30.5714
170
27.6684
35.8878
32.64
25.7592
27.4737
30.625
27.8571
25.6701
28.67
30
30
31.4423
28.2353
30.9953
32.1127
27.2432
174.419
178.537
133.333
32.3741
96
91.4286
43.0189
43.2
31.1538
27.3575
25.8883
29.5522
28.7097
28.0203
27.3846
23.8743
23.4921
27.5758
29.4059
27.8351
29.561
29.8551
31.4151
30.8738
30.297
23.7288
21.1561
30.5714
32.1127
31.0448
24.6067
172.857
178.537
174.146
175.5
180
60
64.2857
44.1509
38.4375
29.781
29.5833
35.4545
168.947
29.6875
24.6875
25.2792
25.8883
24.3158
23.8743
23.6269
24.6154
26.4615
23.2461
22.5773
24
22.4211
25.445
24.7423
29.3939
28.3249
27.0157
20.5714
20.678
28.0402
29.2683
31.1538
30.4348
28.7629
22.069
21.0345
32.1127
23.7931
180
35.8537
30.6667
25.5385
25.102
23.8144
25.2308
24.6875
23.0526
22.9319
22.6178
22.7692
24.1837
23.6269
22.5397
22.2222
22.0213
22.8571
22.5773
24.5455
25.2792
24.1935
21.8478
20.5525
26.4249
27.5758
31.0145
30.439
26.8085
23.7989
20.8989
24.0609
24.0609
22.3404
22.2222
24.0609
23.8776
22.0213
21.7297
21.2698
